,PLAYER,TEAM,GP,W,L,MIN,DRIVES,FGM,FGA,FG%,FTM,FTA,FT%,PTS,PTS%,PASS,PASS%,AST,AST%,TO,TOV%,PF,PF%
0,A.J. Lawson,DAL,14,5,9,6.1,0.1,0.0,0.0,0.0,0.0,0.0,0.0,0.0,0.0,0.1,100.0,0.0,0.0,0.0,0.0,0.0,0.0
1,AJ Green,MIL,35,27,8,9.9,0.4,0.0,0.1,50.0,0.0,0.0,0.0,0.1,15.4,0.3,76.9,0.0,7.7,0.0,7.7,0.0,0.0
2,AJ Griffin,ATL,71,34,37,19.3,2.8,0.9,1.7,49.6,0.3,0.4,88.5,2.1,73.7,0.6,23.2,0.1,4.0,0.2,5.6,0.2,6.6
3,Aaron Gordon,DEN,68,45,23,30.2,3.4,0.9,1.6,55.7,0.6,1.1,54.5,2.4,72.8,0.9,26.8,0.3,8.8,0.2,7.0,0.6,16.7
4,Aaron Holiday,ATL,62,32,30,13.1,3.3,0.5,1.2,42.1,0.2,0.2,78.6,1.3,38.7,1.6,49.5,0.3,7.8,0.2,6.4,0.1,3.4
5,Aaron Nesmith,IND,72,29,43,24.9,4.1,0.8,1.8,44.1,0.6,0.7,78.8,2.2,53.4,1.5,37.1,0.3,8.2,0.3,7.8,0.4,8.8
6,Aaron Wiggins,OKC,69,36,33,18.7,2.8,0.6,1.3,44.8,0.2,0.2,75.0,1.3,47.2,1.1,37.9,0.3,9.2,0.2,8.2,0.1,4.1
7,Admiral Schofield,ORL,36,14,22,11.9,0.9,0.3,0.6,50.0,0.2,0.2,100.0,0.8,84.4,0.1,15.6,0.0,0.0,0.1,9.4,0.1,9.4
8,Al Horford,BOS,63,44,19,30.5,1.3,0.3,0.5,60.0,0.0,0.1,50.0,0.6,45.9,0.7,55.3,0.2,15.3,0.0,2.4,0.0,3.5
9,Alec Burks,DET,50,12,38,22.0,4.8,1.0,2.1,49.0,0.8,1.1,75.9,3.0,63.1,1.7,36.1,0.4,9.1,0.3,5.4,0.6,11.6
10,Aleksej Pokusevski,OKC,34,16,18,20.6,2.6,0.4,1.2,32.5,0.2,0.3,70.0,1.0,36.7,1.1,40.0,0.2,7.8,0.2,6.7,0.1,5.6
11,Alex Caruso,CHI,65,31,34,23.7,2.3,0.3,0.6,43.6,0.3,0.3,90.0,0.8,36.0,1.2,54.0,0.4,16.0,0.2,8.7,0.2,6.7
12,Alex Len,SAC,25,15,10,6.0,0.1,0.0,0.1,50.0,0.0,0.0,0.0,0.1,66.7,0.0,33.3,0.0,0.0,0.0,0.0,0.0,0.0
13,Alize Johnson,SAS,4,1,3,7.4,1.0,0.3,0.3,100.0,0.0,0.0,0.0,0.5,50.0,0.5,50.0,0.3,25.0,0.0,0.0,0.0,0.0
14,Alondes Williams,BKN,1,1,0,5.3,0.0,0.0,0.0,0.0,0.0,0.0,0.0,0.0,0.0,0.0,0.0,0.0,0.0,0.0,0.0,0.0,0.0
15,Alperen Sengun,HOU,74,17,57,29.0,4.4,1.1,2.0,56.8,0.6,0.8,69.4,3.0,67.1,1.4,32.6,0.4,7.9,0.4,9.1,0.4,9.5
16,Amir Coffey,LAC,50,26,24,12.5,2.2,0.5,1.2,40.7,0.4,0.5,76.9,1.4,62.7,0.6,29.1,0.2,7.3,0.1,4.5,0.3,11.8
17,Andre Drummond,CHI,66,31,35,12.7,0.3,0.1,0.2,50.0,0.0,0.0,100.0,0.2,84.2,0.0,10.5,0.0,5.3,0.0,10.5,0.0,5.3
18,Andre Iguodala,GSW,7,2,5,13.5,0.9,0.1,0.1,100.0,0.0,0.0,0.0,0.4,50.0,0.6,66.7,0.1,16.7,0.1,16.7,0.0,0.0
19,Andrew Nembhard,IND,74,31,43,27.5,8.2,1.4,3.1,44.5,0.3,0.4,80.8,3.1,37.6,4.3,52.1,0.9,11.2,0.4,5.1,0.2,2.1
20,Andrew Wiggins,GSW,36,18,18,32.3,4.7,0.6,1.9,34.3,0.3,0.4,71.4,1.6,32.9,2.1,44.7,0.5,11.2,0.4,8.2,0.2,4.1
21,Anfernee Simons,POR,62,27,35,35.0,8.8,2.4,4.5,53.6,0.8,0.9,92.9,5.8,66.2,3.2,36.2,0.7,8.4,0.5,5.3,0.5,5.1
22,Anthony Davis,LAL,55,30,25,34.0,3.1,1.1,1.9,54.7,0.6,0.9,62.0,2.8,90.6,0.6,19.3,0.1,4.7,0.1,3.5,0.5,14.6
23,Anthony Edwards,MIN,77,38,39,36.1,12.3,3.5,6.8,52.3,1.9,2.4,79.1,9.3,75.5,3.1,25.0,0.8,6.7,0.9,7.5,1.2,9.9
24,Anthony Gill,WAS,58,21,37,10.4,0.8,0.1,0.4,38.1,0.3,0.3,75.0,0.5,63.3,0.3,32.7,0.1,8.2,0.0,4.1,0.2,20.4
25,Anthony Lamb,GSW,60,34,26,19.3,2.0,0.4,0.6,60.0,0.1,0.2,66.7,0.9,43.4,1.1,53.3,0.2,7.4,0.2,8.2,0.1,4.9
26,Austin Reaves,LAL,63,34,29,28.7,6.3,1.3,2.1,61.2,1.4,1.7,86.5,4.3,68.5,2.6,41.3,0.6,10.1,0.5,8.1,0.8,13.1
27,Austin Rivers,MIN,52,25,27,19.5,3.4,0.7,1.2,54.7,0.3,0.4,81.8,1.8,52.0,1.7,50.8,0.4,10.7,0.2,5.1,0.2,6.2
28,Ayo Dosunmu,CHI,78,38,40,26.3,5.1,1.3,2.1,59.6,0.2,0.3,75.0,2.8,55.3,2.3,44.9,0.5,9.9,0.4,8.1,0.2,3.0
29,Bam Adebayo,MIA,74,39,35,35.0,5.3,1.6,3.1,50.7,0.9,1.1,82.1,4.2,78.4,1.1,21.1,0.1,2.3,0.3,6.3,0.6,10.7
30,Ben Simmons,BKN,42,24,18,26.3,3.5,0.8,1.5,52.5,0.2,0.3,58.3,1.7,48.6,1.6,45.2,0.3,8.2,0.2,5.5,0.2,4.8
31,Bennedict Mathurin,IND,77,32,45,28.4,7.5,1.9,4.3,44.6,1.8,2.1,84.4,5.8,77.5,1.4,17.9,0.2,3.1,0.6,7.9,1.1,14.1
32,Bismack Biyombo,PHX,61,33,28,14.3,0.1,0.0,0.1,50.0,0.0,0.0,0.0,0.1,66.7,0.0,33.3,0.0,0.0,0.0,0.0,0.0,0.0
33,Blake Griffin,BOS,40,26,14,14.1,0.4,0.1,0.2,28.6,0.0,0.1,0.0,0.1,33.3,0.1,20.0,0.0,0.0,0.1,13.3,0.0,6.7
34,Blake Wesley,SAS,33,7,26,17.5,5.9,0.5,2.2,23.0,0.4,0.5,66.7,1.5,24.7,2.8,48.5,0.8,12.9,0.5,7.7,0.3,4.6
35,Boban Marjanovic,HOU,30,6,24,5.3,0.0,0.0,0.0,0.0,0.1,0.1,100.0,0.1,200.0,0.0,0.0,0.0,0.0,0.0,0.0,0.0,100.0
36,Bobby Portis,MIL,69,47,22,26.1,1.9,0.7,1.2,55.8,0.2,0.2,92.9,1.6,82.8,0.4,19.4,0.1,6.7,0.2,9.7,0.1,5.2
37,Bogdan Bogdanovic,ATL,54,27,27,27.9,5.2,1.3,2.4,55.0,0.5,0.6,90.0,3.2,60.9,2.2,41.6,0.5,10.3,0.3,5.7,0.3,5.3
38,Bojan Bogdanovic,DET,58,15,43,32.0,8.9,2.4,4.4,55.3,1.1,1.2,85.9,6.1,68.5,2.9,32.7,0.8,8.8,0.6,6.2,0.6,7.0
39,Bol Bol,ORL,69,26,43,21.4,3.0,0.9,1.7,53.8,0.5,0.6,76.2,2.3,76.2,0.7,21.4,0.2,5.2,0.3,11.0,0.3,10.0
40,Bones Hyland,LAC,55,35,20,19.4,6.4,1.0,2.8,35.5,0.7,0.8,88.1,2.7,42.5,2.5,39.1,0.7,11.6,0.5,7.4,0.4,5.9
41,Bradley Beal,WAS,50,24,26,33.5,15.9,4.0,7.4,54.6,1.6,2.0,82.7,10.0,62.8,6.0,38.0,1.4,8.9,0.9,5.5,1.0,6.2
42,Brandon Boston Jr.,LAC,22,9,13,11.3,3.5,0.7,2.0,35.6,0.6,0.8,76.5,2.0,57.1,0.9,24.7,0.2,6.5,0.2,5.2,0.4,10.4
43,Brandon Clarke,MEM,56,32,24,19.5,0.9,0.3,0.5,53.6,0.2,0.2,75.0,0.8,79.2,0.2,18.9,0.0,3.8,0.1,11.3,0.1,11.3
44,Brandon Ingram,NOP,44,23,21,34.0,13.5,3.5,6.6,52.4,2.5,2.8,87.9,9.8,72.3,4.0,29.7,1.1,8.3,1.0,7.3,1.4,10.5
45,Braxton Key,DET,3,0,3,3.0,0.0,0.0,0.0,0.0,0.0,0.0,0.0,0.0,0.0,0.0,0.0,0.0,0.0,0.0,0.0,0.0,0.0
46,Brook Lopez,MIL,78,57,21,30.4,1.2,0.4,0.8,56.5,0.1,0.2,78.6,1.1,93.4,0.1,12.1,0.1,5.5,0.1,11.0,0.1,7.7
47,Bruce Brown,DEN,79,52,27,28.5,6.4,1.3,2.9,44.4,0.5,0.7,77.4,3.2,50.1,2.6,39.8,0.7,10.3,0.5,7.3,0.3,5.3
48,Bruno Fernando,ATL,38,13,25,10.1,0.4,0.1,0.2,25.0,0.1,0.2,66.7,0.2,50.0,0.1,18.8,0.1,12.5,0.0,6.3,0.1,18.8
49,Bryce McGowens,CHA,45,15,30,16.8,3.0,0.6,1.4,39.1,0.5,0.6,78.6,1.7,57.4,0.9,28.7,0.3,8.8,0.4,12.5,0.3,10.3
50,Bryn Forbes,MIN,25,9,16,10.7,1.5,0.3,0.8,38.1,0.3,0.3,100.0,1.0,68.4,0.4,26.3,0.0,2.6,0.1,5.3,0.2,10.5
51,Buddy Boeheim,DET,9,2,7,8.9,0.1,0.1,0.1,100.0,0.0,0.0,0.0,0.2,200.0,0.0,0.0,0.0,0.0,0.0,0.0,0.0,0.0
52,Buddy Hield,IND,79,34,45,31.1,6.0,1.1,2.3,49.4,0.3,0.3,88.5,2.6,43.1,3.0,49.9,0.5,9.1,0.4,6.2,0.2,2.8
53,CJ McCollum,NOP,74,38,36,35.3,12.3,2.7,5.4,49.1,1.1,1.4,79.4,6.6,53.3,5.1,41.2,1.5,12.2,0.7,6.0,0.7,5.7
54,Cade Cunningham,DET,12,3,9,33.3,16.6,3.8,8.0,46.9,2.2,2.5,86.7,9.8,59.3,5.5,33.2,1.5,9.0,1.3,7.5,1.3,7.5
55,Caleb Houstan,ORL,50,20,30,15.6,0.3,0.0,0.1,50.0,0.0,0.0,0.0,0.1,25.0,0.2,62.5,0.1,25.0,0.0,0.0,0.0,0.0
56,Caleb Martin,MIA,70,37,33,29.5,3.4,0.6,1.3,44.6,0.4,0.5,83.3,1.6,48.3,1.4,41.2,0.3,8.4,0.3,9.2,0.3,7.6
57,Cam Reddish,POR,40,14,26,24.7,4.7,1.3,2.5,54.1,0.6,0.6,91.7,3.4,72.0,1.5,31.2,0.2,3.8,0.3,7.0,0.3,6.5
58,Cam Thomas,BKN,56,30,26,16.2,6.8,1.5,3.3,45.1,1.1,1.3,87.1,4.2,61.4,2.3,34.1,0.5,7.1,0.5,7.3,0.6,9.2
59,Cameron Johnson,BKN,42,25,17,28.6,4.6,1.0,2.1,50.6,0.4,0.5,78.3,2.7,59.1,1.7,37.8,0.3,7.3,0.3,7.3,0.3,6.2
60,Cameron Payne,PHX,48,27,21,20.2,7.5,1.8,4.1,43.9,0.5,0.8,66.7,4.2,55.8,2.6,34.2,0.7,9.2,0.4,5.6,0.4,5.0
61,Caris LeVert,CLE,74,45,29,30.2,9.6,1.7,3.8,43.9,0.9,1.2,74.7,4.3,45.1,4.3,44.6,1.5,15.4,0.6,6.5,0.6,6.1
62,Carlik Jones,CHI,5,2,3,8.6,2.8,0.0,0.4,0.0,0.2,0.8,25.0,0.2,7.1,1.6,57.1,0.0,0.0,0.2,7.1,0.4,14.3
63,Cedi Osman,CLE,76,48,28,20.2,2.5,0.5,1.1,42.2,0.2,0.3,69.2,1.2,47.2,1.0,40.4,0.3,10.9,0.2,6.2,0.2,6.7
64,Charles Bassey,SAS,35,9,26,14.5,0.1,0.0,0.0,100.0,0.0,0.0,0.0,0.1,100.0,0.0,0.0,0.0,0.0,0.0,50.0,0.0,0.0
65,Chima Moneke,SAC,2,1,1,4.0,0.5,0.0,0.0,0.0,0.0,0.0,0.0,0.0,0.0,0.0,0.0,0.0,0.0,0.5,100.0,0.0,0.0
66,Chimezie Metu,SAC,65,41,24,10.4,0.7,0.2,0.4,52.2,0.0,0.0,50.0,0.4,61.4,0.2,27.3,0.0,2.3,0.1,11.4,0.0,2.3
67,Chris Boucher,TOR,75,38,37,20.1,0.6,0.1,0.3,39.1,0.2,0.2,87.5,0.4,73.3,0.2,26.7,0.0,6.7,0.0,4.4,0.1,17.8
68,Chris Duarte,IND,46,19,27,19.5,4.0,0.7,1.6,42.5,0.6,0.7,85.3,2.0,51.4,1.6,40.4,0.5,13.7,0.3,7.7,0.4,9.3
69,Chris Paul,PHX,59,33,26,32.0,9.6,2.0,3.8,52.0,0.3,0.4,79.2,4.3,45.1,5.0,51.7,1.3,13.9,0.4,4.2,0.2,2.1
70,Chris Silva,DAL,1,1,0,3.0,0.0,0.0,0.0,0.0,0.0,0.0,0.0,0.0,0.0,0.0,0.0,0.0,0.0,0.0,0.0,0.0,0.0
71,Christian Braun,DEN,75,48,27,15.4,1.9,0.4,0.8,49.2,0.2,0.3,65.0,1.0,52.1,0.8,41.4,0.2,9.3,0.1,7.1,0.1,7.1
72,Christian Koloko,TOR,57,28,29,13.6,0.0,0.0,0.0,0.0,0.0,0.0,0.0,0.0,0.0,0.0,0.0,0.0,0.0,0.0,0.0,0.0,0.0
73,Christian Wood,DAL,67,33,34,25.9,3.8,1.1,2.0,53.3,0.9,1.1,81.1,3.2,85.7,0.8,20.2,0.2,5.6,0.3,6.7,0.6,14.7
74,Chuma Okeke,ORL,26,8,18,18.7,1.8,0.2,0.6,31.3,0.2,0.2,100.0,0.7,35.4,1.0,52.1,0.2,10.4,0.2,8.3,0.1,6.3
75,Clint Capela,ATL,65,35,30,26.6,0.2,0.0,0.1,37.5,0.0,0.1,50.0,0.1,66.7,0.0,16.7,0.0,8.3,0.0,0.0,0.0,16.7
76,Coby White,CHI,72,35,37,23.6,5.8,1.0,2.0,50.3,0.3,0.3,86.4,2.4,41.0,3.2,54.3,0.9,14.8,0.3,4.8,0.2,2.6
77,Cody Martin,CHA,7,2,5,19.1,3.6,0.7,1.6,45.5,0.1,0.1,100.0,1.9,52.0,1.7,48.0,0.4,12.0,0.3,8.0,0.1,4.0
78,Cody Zeller,MIA,14,5,9,14.6,1.1,0.2,0.5,42.9,0.1,0.1,50.0,0.5,46.7,0.4,33.3,0.0,0.0,0.1,6.7,0.1,6.7
79,Cole Anthony,ORL,60,28,32,25.9,8.0,1.8,3.7,49.3,1.2,1.3,91.1,5.0,62.7,3.1,38.2,0.8,9.8,0.4,5.0,0.7,8.5
80,Cole Swider,LAL,6,1,5,6.7,0.2,0.0,0.2,0.0,0.0,0.0,0.0,0.0,0.0,0.0,0.0,0.0,0.0,0.0,0.0,0.0,0.0
81,Collin Sexton,UTA,48,24,24,23.9,9.6,2.5,4.5,54.6,1.8,2.3,80.7,7.1,73.8,2.8,29.3,0.8,8.5,0.7,6.9,1.1,11.9
82,Corey Kispert,WAS,73,31,42,28.5,2.1,0.6,1.0,59.2,0.2,0.3,85.7,1.5,73.5,0.7,33.8,0.2,7.9,0.1,5.3,0.1,6.6
83,Cory Joseph,DET,61,12,49,19.5,5.2,0.8,1.8,45.8,0.5,0.6,80.6,2.1,41.0,2.6,50.8,0.8,14.6,0.3,6.3,0.3,5.7
84,D'Angelo Russell,LAL,70,38,32,32.4,7.4,1.6,3.0,52.6,1.0,1.3,79.3,4.3,58.7,3.1,41.5,0.9,12.0,0.5,6.2,0.7,8.9
85,Daishen Nix,HOU,56,14,42,16.0,3.8,0.5,1.2,41.8,0.3,0.4,75.0,1.3,33.5,1.9,49.3,0.2,5.6,0.4,9.8,0.2,4.7
86,Dalano Banton,TOR,30,16,14,8.6,1.8,0.2,0.7,23.8,0.2,0.2,83.3,0.5,28.3,0.8,43.4,0.1,5.7,0.1,7.5,0.1,5.7
87,Dalen Terry,CHI,36,17,19,5.5,1.1,0.3,0.4,66.7,0.2,0.2,75.0,0.7,68.4,0.4,42.1,0.1,10.5,0.1,7.9,0.1,10.5
88,Damian Jones,UTA,40,12,28,11.4,0.1,0.0,0.1,0.0,0.0,0.0,0.0,0.0,0.0,0.0,25.0,0.0,25.0,0.0,0.0,0.0,0.0
89,Damian Lillard,POR,58,27,31,36.3,16.1,3.8,6.6,57.7,3.4,3.6,92.4,11.4,70.8,6.1,37.7,1.5,9.5,1.1,6.8,1.8,11.2
90,Damion Lee,PHX,73,40,33,20.2,4.0,0.7,1.7,43.5,0.3,0.3,87.5,1.8,44.5,1.7,42.8,0.3,8.6,0.3,6.8,0.2,4.1
91,Daniel Gafford,WAS,78,32,46,20.6,0.6,0.3,0.4,70.0,0.2,0.2,85.7,0.7,116.7,0.1,8.3,0.0,0.0,0.1,8.3,0.1,14.6
92,Daniel Theis,IND,7,1,6,15.5,0.7,0.3,0.3,100.0,0.0,0.3,0.0,0.6,80.0,0.1,20.0,0.0,0.0,0.1,20.0,0.1,20.0
93,Danny Green,CLE,10,6,4,11.4,0.8,0.2,0.5,40.0,0.0,0.0,0.0,0.4,50.0,0.3,37.5,0.0,0.0,0.0,0.0,0.0,0.0
94,Danuel House Jr.,PHI,55,37,18,14.2,1.7,0.3,0.6,48.4,0.2,0.3,85.7,0.8,45.2,0.9,51.6,0.2,14.0,0.1,4.3,0.1,7.5
95,Dario Saric,OKC,57,26,31,14.1,1.7,0.3,0.8,38.6,0.3,0.4,77.3,0.9,56.8,0.5,28.4,0.2,10.5,0.2,10.5,0.2,11.6
96,Darius Bazley,PHX,42,19,23,14.0,2.1,0.4,0.9,39.5,0.5,0.9,52.8,1.2,55.6,0.5,22.2,0.1,4.4,0.2,11.1,0.4,20.0
97,Darius Days,HOU,4,0,4,6.2,0.0,0.0,0.0,0.0,0.0,0.0,0.0,0.0,0.0,0.0,0.0,0.0,0.0,0.0,0.0,0.0,0.0
98,Darius Garland,CLE,69,40,29,35.5,17.0,3.4,6.8,50.4,1.8,2.1,86.2,8.9,52.1,7.6,44.9,2.6,15.5,1.0,6.1,1.1,6.2
99,David Duke Jr.,BKN,22,10,12,8.3,2.8,0.7,1.4,48.4,0.1,0.2,75.0,1.5,53.2,1.0,37.1,0.4,12.9,0.2,8.1,0.1,3.2
100,David Roddy,MEM,69,44,25,17.6,2.2,0.6,1.2,45.8,0.2,0.3,61.9,1.3,59.7,0.6,27.5,0.1,6.7,0.2,9.4,0.1,6.7
101,Davion Mitchell,SAC,80,47,33,18.1,4.7,0.7,1.3,54.3,0.1,0.1,72.7,1.6,33.6,2.9,61.3,0.7,14.5,0.3,7.0,0.1,1.6
102,Davis Bertans,DAL,44,20,24,10.5,0.4,0.0,0.1,66.7,0.0,0.0,0.0,0.1,26.3,0.3,78.9,0.1,21.1,0.0,0.0,0.0,0.0
103,Davon Reed,LAL,43,29,14,8.0,1.3,0.1,0.3,21.4,0.2,0.4,62.5,0.4,29.1,0.6,47.3,0.1,7.3,0.1,9.1,0.2,14.5
104,Day'Ron Sharpe,BKN,47,22,25,11.2,0.2,0.0,0.1,16.7,0.0,0.0,100.0,0.1,36.4,0.0,18.2,0.0,0.0,0.0,18.2,0.0,9.1
105,De'Aaron Fox,SAC,72,44,28,33.6,15.8,4.6,7.9,58.6,2.4,3.2,77.2,12.0,75.7,5.0,31.3,1.3,7.9,0.9,5.6,1.6,10.2
106,De'Andre Hunter,ATL,66,35,31,32.0,5.6,1.5,3.3,43.6,0.9,1.1,85.7,3.9,69.6,1.2,20.7,0.2,4.3,0.3,5.9,0.5,9.7
107,De'Anthony Melton,PHI,77,50,27,27.9,4.3,0.7,1.6,45.8,0.2,0.2,72.2,1.6,37.9,2.2,51.8,0.5,11.8,0.3,6.1,0.1,2.7
108,DeAndre Jordan,DEN,38,22,16,14.7,0.0,0.0,0.0,100.0,0.0,0.0,0.0,0.1,200.0,0.0,0.0,0.0,0.0,0.0,0.0,0.0,0.0
109,DeMar DeRozan,CHI,72,35,37,36.4,11.1,3.0,5.2,58.4,2.1,2.4,87.5,8.6,77.5,3.8,34.3,0.8,7.7,0.5,4.9,1.2,11.1
110,Dean Wade,CLE,43,30,13,20.2,1.4,0.1,0.5,28.6,0.2,0.3,71.4,0.5,38.3,0.6,43.3,0.2,11.7,0.1,8.3,0.2,11.7
111,Deandre Ayton,PHX,67,36,31,30.4,0.4,0.1,0.2,26.7,0.1,0.1,50.0,0.2,44.4,0.0,11.1,0.0,3.7,0.1,18.5,0.1,14.8
112,Dejounte Murray,ATL,74,38,36,36.4,12.1,3.0,6.2,48.7,0.9,1.1,82.9,7.2,59.0,4.2,34.5,1.1,9.0,0.7,6.0,0.6,4.6
113,Delon Wright,WAS,50,26,24,24.4,5.9,1.0,2.1,44.9,0.4,0.4,90.9,2.4,40.7,3.0,50.5,0.8,12.9,0.3,5.8,0.2,3.7
114,Deni Avdija,WAS,76,33,43,26.6,4.8,1.2,2.1,56.0,0.6,0.8,68.8,3.0,62.8,1.8,37.0,0.5,9.5,0.3,7.1,0.4,9.0
115,Dennis Schroder,LAL,67,37,30,29.6,9.4,1.7,3.8,45.1,1.4,1.7,82.5,5.0,52.8,3.9,41.0,1.2,12.7,0.6,6.0,0.9,9.2
116,Dennis Smith Jr.,CHA,54,19,35,25.7,9.2,1.6,3.4,46.8,0.6,0.9,70.0,3.9,42.5,4.6,50.4,1.3,13.9,0.5,5.0,0.5,5.0
117,Deonte Burton,SAC,2,1,1,3.3,0.5,0.0,0.5,0.0,0.0,0.0,0.0,0.0,0.0,0.0,0.0,0.0,0.0,0.0,0.0,0.0,0.0
118,Dereon Seabron,NOP,5,2,3,2.3,0.8,0.0,0.6,0.0,0.0,0.0,0.0,0.0,0.0,0.2,25.0,0.0,0.0,0.0,0.0,0.0,0.0
119,Derrick Jones Jr.,CHI,62,27,35,14.0,0.4,0.1,0.2,50.0,0.1,0.1,75.0,0.3,74.1,0.1,22.2,0.0,11.1,0.0,7.4,0.1,18.5
120,Derrick Rose,NYK,27,12,15,12.5,4.6,1.0,2.4,43.8,0.2,0.2,100.0,2.3,50.8,1.9,40.3,0.6,12.1,0.1,3.2,0.1,2.4
121,Derrick White,BOS,81,56,25,28.6,6.2,1.4,2.7,52.6,0.7,0.8,86.4,3.7,59.5,2.6,42.9,0.7,11.2,0.3,4.6,0.4,6.8
122,Desmond Bane,MEM,58,38,20,31.7,8.9,2.4,4.6,50.9,0.9,1.1,88.5,5.9,66.4,2.7,30.5,0.8,9.5,0.7,8.3,0.5,6.0
123,Devin Booker,PHX,53,34,19,34.6,12.8,3.5,6.4,54.6,2.0,2.3,86.9,9.3,72.5,4.2,32.8,1.1,8.8,0.7,5.6,1.2,9.0
124,Devin Vassell,SAS,38,12,26,31.0,8.8,1.4,3.3,43.3,0.7,0.9,82.4,3.7,42.3,4.5,50.6,1.1,12.5,0.4,4.5,0.4,5.1
125,Devon Dotson,WAS,6,1,5,8.9,3.2,0.0,0.7,0.0,0.0,0.0,0.0,0.0,0.0,2.3,73.7,0.7,21.1,0.2,5.3,0.0,0.0
126,Devonte' Graham,SAS,73,31,42,18.3,2.9,0.2,0.6,36.2,0.4,0.6,65.9,0.9,31.2,1.8,62.8,0.5,15.3,0.1,1.9,0.3,10.2
127,Dewayne Dedmon,PHI,37,22,15,11.0,0.2,0.1,0.2,83.3,0.1,0.1,75.0,0.4,144.4,0.0,11.1,0.0,0.0,0.0,0.0,0.1,22.2
128,Dillon Brooks,MEM,73,46,27,30.3,6.3,1.9,4.2,45.9,0.5,0.8,72.7,4.5,71.1,1.3,21.3,0.4,5.9,0.3,5.2,0.4,5.9
129,Domantas Sabonis,SAC,78,47,31,34.8,4.4,0.9,1.4,66.1,0.7,1.0,70.9,2.6,59.5,2.0,46.3,0.4,10.3,0.3,7.0,0.5,11.4
130,Dominick Barlow,SAS,25,3,22,13.2,0.2,0.1,0.1,66.7,0.0,0.0,0.0,0.2,80.0,0.1,40.0,0.0,0.0,0.0,0.0,0.0,0.0
131,Donovan Mitchell,CLE,68,44,24,35.8,12.7,3.9,6.6,59.3,1.7,1.9,90.5,9.9,77.9,4.2,32.9,1.0,7.5,0.5,4.1,0.9,7.3
132,Donovan Williams,ATL,1,1,0,1.7,0.0,0.0,0.0,0.0,0.0,0.0,0.0,0.0,0.0,0.0,0.0,0.0,0.0,0.0,0.0,0.0,0.0
133,Donte DiVincenzo,GSW,70,40,30,26.4,3.6,0.3,0.7,48.0,0.2,0.2,75.0,0.9,24.5,2.4,66.3,0.5,14.9,0.3,8.0,0.1,3.2
134,Dorian Finney-Smith,BKN,66,31,35,30.4,3.3,0.3,1.1,29.6,0.3,0.3,85.0,0.9,28.4,1.7,52.6,0.5,14.0,0.3,7.9,0.2,4.7
135,Doug McDermott,SAS,63,19,44,20.5,2.7,0.6,1.4,39.6,0.2,0.2,78.6,1.4,50.0,0.9,32.6,0.2,7.6,0.2,7.0,0.1,4.1
136,Draymond Green,GSW,71,39,32,31.7,1.9,0.5,0.9,57.4,0.2,0.3,72.2,1.2,62.0,0.8,39.4,0.3,13.1,0.1,5.8,0.1,6.6
137,Drew Eubanks,POR,77,31,46,20.2,0.7,0.2,0.4,50.0,0.1,0.1,63.6,0.5,66.7,0.2,24.1,0.0,3.7,0.0,5.6,0.1,11.1
138,Dru Smith,BKN,14,7,7,9.6,1.9,0.6,1.1,60.0,0.0,0.0,0.0,1.4,70.4,0.7,37.0,0.2,11.1,0.0,0.0,0.0,0.0
139,Duane Washington Jr.,NYK,31,17,14,12.7,5.1,1.2,3.2,38.8,0.1,0.2,50.0,2.6,51.3,1.6,31.0,0.5,10.1,0.2,3.8,0.1,1.9
140,Duncan Robinson,MIA,41,18,23,16.0,2.0,0.3,0.6,54.2,0.0,0.0,0.0,0.6,31.0,1.3,61.9,0.2,11.9,0.2,9.5,0.0,0.0
141,Dwight Powell,DAL,76,37,39,19.2,0.2,0.1,0.2,50.0,0.0,0.0,100.0,0.2,77.8,0.1,22.2,0.0,0.0,0.0,0.0,0.0,5.6
142,Dylan Windler,CLE,3,3,0,3.5,0.7,0.3,0.3,100.0,0.0,0.0,0.0,0.7,100.0,0.3,50.0,0.3,50.0,0.0,0.0,0.0,0.0
143,Dyson Daniels,NOP,59,33,26,17.7,3.3,0.4,1.2,38.2,0.1,0.1,75.0,0.9,29.2,1.8,55.2,0.5,14.1,0.2,6.8,0.0,1.0
144,Edmond Sumner,BKN,53,33,20,13.9,4.3,0.7,1.6,41.9,0.9,1.0,90.4,2.3,53.0,1.7,40.0,0.3,7.8,0.3,7.8,0.5,11.3
145,Eric Gordon,LAC,68,24,44,28.6,7.6,1.8,3.6,50.6,1.0,1.3,82.6,4.9,63.8,2.7,35.1,0.6,8.3,0.5,6.0,0.6,8.3
146,Eugene Omoruyi,DET,40,10,30,16.1,1.5,0.3,0.7,37.0,0.3,0.4,71.4,0.8,51.7,0.4,24.1,0.1,8.6,0.2,13.8,0.2,12.1
147,Evan Fournier,NYK,26,15,11,17.2,2.5,0.4,1.2,34.4,0.2,0.2,100.0,1.1,42.4,1.0,39.4,0.4,15.2,0.1,4.5,0.1,4.5
148,Evan Mobley,CLE,78,48,30,34.7,3.7,0.9,2.0,43.2,0.4,0.6,63.6,2.1,57.9,0.9,24.2,0.3,9.5,0.4,11.2,0.3,7.7
149,Facundo Campazzo,DAL,8,2,6,6.5,0.6,0.0,0.1,0.0,0.0,0.0,0.0,0.0,0.0,0.5,80.0,0.0,0.0,0.0,0.0,0.0,0.0
150,Frank Jackson,UTA,1,0,1,5.1,1.0,0.0,1.0,0.0,0.0,0.0,0.0,0.0,0.0,0.0,0.0,0.0,0.0,0.0,0.0,0.0,0.0
151,Frank Kaminsky,HOU,35,12,23,6.2,0.3,0.1,0.1,50.0,0.1,0.1,100.0,0.2,66.7,0.2,50.0,0.0,8.3,0.0,0.0,0.1,16.7
152,Frank Ntilikina,DAL,46,20,26,12.3,2.0,0.2,0.7,34.4,0.2,0.2,70.0,0.7,33.3,1.0,51.6,0.2,9.7,0.1,5.4,0.1,5.4
153,Franz Wagner,ORL,79,33,46,32.8,10.8,3.0,6.0,49.8,1.1,1.3,87.4,7.3,67.2,3.2,29.6,0.9,7.9,0.7,6.8,0.7,6.1
154,Fred VanVleet,TOR,69,34,35,36.7,13.9,1.9,4.2,44.4,1.4,1.5,96.1,5.4,38.7,8.0,57.7,2.0,14.5,0.6,4.4,0.7,5.3
155,Furkan Korkmaz,PHI,36,23,13,9.0,2.0,0.4,0.9,44.1,0.2,0.3,66.7,1.1,53.5,0.6,32.4,0.2,8.5,0.2,9.9,0.2,8.5
156,Gabe Vincent,MIA,67,36,31,26.1,5.3,1.0,2.2,45.6,0.3,0.4,83.3,2.4,45.2,2.4,44.9,0.6,11.4,0.4,7.4,0.2,3.4
157,Gabe York,IND,2,0,2,21.7,1.0,0.0,0.5,0.0,0.0,0.0,0.0,0.0,0.0,0.5,50.0,0.0,0.0,0.0,0.0,0.0,0.0
158,Garrett Temple,NOP,25,16,9,6.5,0.6,0.0,0.2,20.0,0.1,0.1,100.0,0.2,28.6,0.3,50.0,0.1,14.3,0.0,7.1,0.0,7.1
159,Garrison Mathews,ATL,53,16,37,12.5,0.5,0.0,0.2,11.1,0.1,0.2,75.0,0.2,30.8,0.2,46.2,0.1,15.4,0.0,3.8,0.1,15.4
160,Gary Harris,ORL,48,22,26,24.7,2.1,0.4,1.0,43.5,0.1,0.1,100.0,0.9,44.6,0.9,41.6,0.1,5.9,0.1,6.9,0.0,2.0
161,Gary Payton II,GSW,21,12,9,16.5,0.3,0.0,0.1,0.0,0.0,0.0,0.0,0.0,0.0,0.1,42.9,0.0,14.3,0.1,28.6,0.0,0.0
162,Gary Trent Jr.,TOR,65,30,35,32.2,4.6,1.5,3.0,49.5,0.5,0.6,80.0,3.5,76.1,1.1,22.9,0.2,3.7,0.3,5.6,0.3,6.6
163,George Hill,IND,45,26,19,18.0,2.5,0.4,0.7,60.6,0.2,0.3,69.2,1.1,43.8,1.2,50.0,0.2,9.8,0.3,11.6,0.1,5.4
164,Georges Niang,PHI,78,51,27,19.4,2.4,0.6,1.1,54.0,0.2,0.2,86.7,1.4,60.3,0.9,40.2,0.2,7.6,0.2,7.1,0.1,4.3
165,Giannis Antetokounmpo,MIL,63,47,16,32.1,14.1,3.8,6.4,59.3,2.8,4.5,62.6,10.8,76.4,3.9,27.8,0.9,6.5,1.1,7.9,2.3,15.9
166,Goga Bitadze,ORL,37,13,24,11.8,0.1,0.1,0.1,100.0,0.0,0.0,0.0,0.2,120.0,0.1,40.0,0.0,20.0,0.0,0.0,0.0,0.0
167,Goran Dragic,MIL,56,26,30,14.9,4.5,0.7,1.7,41.2,0.2,0.2,90.0,1.6,35.5,2.3,50.2,0.7,16.3,0.4,8.8,0.1,2.0
168,Gordon Hayward,CHA,50,20,30,31.5,8.6,1.8,3.6,49.7,0.7,0.8,82.9,4.3,50.3,3.7,42.5,0.9,10.4,0.8,9.7,0.4,4.9
169,Gorgui Dieng,SAS,29,2,27,10.9,0.8,0.2,0.3,60.0,0.0,0.1,50.0,0.4,59.1,0.2,31.8,0.1,13.6,0.1,13.6,0.0,4.5
170,Grant Williams,BOS,78,54,24,26.1,2.5,0.6,1.1,51.7,0.3,0.4,66.7,1.4,58.3,0.8,32.3,0.1,5.2,0.2,8.9,0.2,7.8
171,Grayson Allen,MIL,72,53,19,27.4,5.5,0.9,1.9,46.0,0.8,0.9,87.1,2.6,46.6,2.5,45.6,0.7,11.9,0.4,7.1,0.4,7.8
172,Greg Brown III,POR,16,10,6,5.8,0.9,0.3,0.5,50.0,0.1,0.3,50.0,0.7,78.6,0.2,21.4,0.1,7.1,0.1,7.1,0.1,14.3
173,Hamidou Diallo,DET,55,12,43,17.7,3.6,0.9,2.1,43.1,0.5,0.9,58.0,2.4,66.3,0.7,18.6,0.1,4.0,0.3,7.0,0.5,12.6
174,Harrison Barnes,SAC,81,48,33,32.6,6.3,1.3,2.7,47.3,2.1,2.4,87.8,4.9,77.3,1.9,29.7,0.3,5.1,0.3,4.7,1.2,19.2
175,Haywood Highsmith,MIA,53,27,26,17.8,1.2,0.2,0.4,55.0,0.0,0.1,25.0,0.4,36.5,0.6,50.8,0.1,9.5,0.1,11.1,0.0,3.2
176,Herbert Jones,NOP,65,31,34,29.4,3.5,0.8,1.7,46.0,0.6,0.6,92.7,2.2,62.9,1.3,35.8,0.5,13.1,0.2,5.2,0.3,9.2
177,Immanuel Quickley,NYK,80,47,33,28.8,8.6,2.0,3.8,54.0,1.0,1.2,81.9,5.2,60.4,3.7,43.2,0.8,9.7,0.4,4.9,0.6,6.8
178,Isaac Okoro,CLE,76,48,28,21.7,1.8,0.4,0.9,47.1,0.3,0.3,90.9,1.1,63.5,0.6,35.0,0.2,11.7,0.1,6.6,0.1,8.0
179,Isaiah Hartenstein,NYK,81,47,34,19.8,0.3,0.1,0.1,70.0,0.0,0.0,50.0,0.2,71.4,0.1,42.9,0.0,4.8,0.0,4.8,0.0,4.8
180,Isaiah Jackson,IND,62,23,39,16.4,0.3,0.1,0.2,41.7,0.1,0.1,100.0,0.2,75.0,0.1,20.0,0.0,5.0,0.0,10.0,0.0,10.0
181,Isaiah Joe,OKC,73,36,37,19.1,1.4,0.2,0.4,48.4,0.1,0.1,90.0,0.5,38.8,0.8,55.3,0.2,15.5,0.1,7.8,0.1,4.9
182,Isaiah Livers,DET,51,10,41,23.1,1.5,0.2,0.5,46.2,0.1,0.2,75.0,0.6,39.5,0.7,50.0,0.1,7.9,0.1,9.2,0.1,5.3
183,Isaiah Mobley,CLE,11,8,3,5.6,0.3,0.0,0.2,0.0,0.0,0.0,0.0,0.0,0.0,0.0,0.0,0.0,0.0,0.0,0.0,0.0,0.0
184,Isaiah Roby,NYK,41,9,32,11.3,1.7,0.4,0.9,41.7,0.1,0.2,50.0,0.9,52.9,0.5,27.9,0.2,13.2,0.2,10.3,0.1,7.4
185,Isaiah Stewart,DET,49,12,37,28.3,2.0,0.5,1.0,50.0,0.2,0.2,91.7,1.2,61.6,0.6,27.3,0.2,12.1,0.3,14.1,0.1,6.1
186,Isaiah Todd,WAS,5,2,3,3.2,0.4,0.0,0.2,0.0,0.0,0.0,0.0,0.0,0.0,0.0,0.0,0.0,0.0,0.2,50.0,0.0,0.0
187,Ish Smith,DEN,42,24,18,8.9,4.5,0.6,1.3,49.1,0.0,0.0,0.0,1.3,28.9,2.7,60.4,0.7,15.5,0.4,9.6,0.0,0.0
188,Ish Wainright,PHX,59,33,26,15.0,1.0,0.1,0.3,53.3,0.2,0.2,83.3,0.5,46.6,0.5,48.3,0.1,8.6,0.1,6.9,0.1,10.3
189,Ivica Zubac,LAC,75,42,33,28.6,0.3,0.1,0.2,58.8,0.0,0.0,0.0,0.3,100.0,0.0,5.0,0.0,0.0,0.0,0.0,0.0,0.0
190,JD Davison,BOS,11,10,1,2.8,0.9,0.1,0.4,25.0,0.0,0.0,0.0,0.2,20.0,0.5,50.0,0.2,20.0,0.1,10.0,0.0,0.0
191,JT Thor,CHA,68,21,47,13.8,1.4,0.3,0.6,48.8,0.1,0.2,66.7,0.7,53.8,0.5,34.4,0.1,9.7,0.2,11.8,0.1,6.5
192,Ja Morant,MEM,61,40,21,31.9,20.3,5.1,10.4,48.8,3.7,4.9,76.0,14.4,70.8,5.7,28.2,2.0,10.0,1.1,5.5,2.4,11.8
193,JaMychal Green,GSW,56,29,27,14.0,0.2,0.0,0.1,28.6,0.0,0.0,0.0,0.1,33.3,0.1,25.0,0.0,8.3,0.0,16.7,0.0,0.0
194,JaVale McGee,DAL,42,20,22,8.4,0.6,0.3,0.5,73.7,0.0,0.0,100.0,0.7,119.2,0.1,15.4,0.0,0.0,0.0,7.7,0.0,3.8
195,Jabari Smith Jr.,HOU,78,20,58,31.0,3.0,0.7,1.7,44.6,0.5,0.6,77.1,2.0,68.4,0.7,22.9,0.1,3.5,0.2,7.4,0.3,10.4
196,Jabari Walker,POR,54,21,33,10.6,0.7,0.1,0.3,29.4,0.1,0.1,75.0,0.3,38.5,0.3,35.9,0.1,12.8,0.1,10.3,0.0,5.1
197,Jack White,DEN,16,12,4,3.2,0.3,0.1,0.2,66.7,0.1,0.1,50.0,0.4,150.0,0.0,0.0,0.0,0.0,0.0,0.0,0.1,25.0
198,Jaden Hardy,DAL,47,20,27,14.5,4.9,0.9,1.9,46.2,0.6,0.8,81.1,2.5,51.3,2.0,40.0,0.4,7.4,0.4,7.8,0.4,8.3
199,Jaden Ivey,DET,72,16,56,31.0,12.1,1.8,4.1,44.8,1.6,2.1,74.5,5.5,45.3,5.3,44.2,1.6,13.0,1.0,8.1,1.1,8.8
200,Jaden McDaniels,MIN,77,39,38,30.9,5.4,1.2,2.4,47.8,0.4,0.6,77.3,2.9,52.7,2.1,37.7,0.6,10.5,0.5,9.1,0.3,5.3
201,Jaden Springer,PHI,15,12,3,5.8,1.3,0.4,0.9,46.2,0.1,0.1,50.0,0.9,68.4,0.2,15.8,0.1,10.5,0.1,10.5,0.1,5.3
202,Jae Crowder,MIL,17,13,4,18.5,0.9,0.2,0.6,40.0,0.2,0.2,75.0,0.6,73.3,0.2,20.0,0.0,0.0,0.0,0.0,0.1,13.3
203,Jae'Sean Tate,HOU,31,7,24,21.9,6.0,1.6,3.1,53.7,0.4,0.6,55.0,3.8,63.4,2.1,35.5,0.5,7.5,0.4,7.0,0.3,5.4
204,Jake LaRavia,MEM,35,22,13,11.8,0.8,0.2,0.3,50.0,0.1,0.1,75.0,0.4,53.6,0.3,35.7,0.0,3.6,0.1,14.3,0.1,7.1
205,Jakob Poeltl,TOR,70,25,45,26.7,1.5,0.5,0.8,65.5,0.1,0.2,66.7,1.2,81.9,0.5,31.4,0.1,9.5,0.1,5.7,0.1,5.7
206,Jalen Brunson,NYK,68,40,28,35.0,19.6,4.6,9.0,50.4,2.2,2.5,87.1,11.8,60.1,7.8,39.8,1.9,9.7,0.9,4.7,1.3,6.4
207,Jalen Duren,DET,65,16,49,24.9,0.2,0.1,0.1,57.1,0.0,0.0,0.0,0.1,53.3,0.1,40.0,0.0,6.7,0.0,6.7,0.0,6.7
208,Jalen Green,HOU,75,19,56,34.3,12.9,2.9,6.5,44.4,2.8,3.4,81.4,8.9,68.5,3.5,27.0,0.8,6.0,0.7,5.8,1.7,13.1
209,Jalen Johnson,ATL,69,35,34,14.8,1.7,0.3,0.7,51.1,0.3,0.5,66.7,1.0,58.3,0.7,41.7,0.2,10.0,0.1,5.0,0.2,13.3
210,Jalen McDaniels,PHI,79,30,49,24.0,4.0,0.7,1.9,38.3,0.5,0.6,81.3,2.0,49.2,1.3,32.6,0.3,8.2,0.4,9.7,0.3,7.5
211,Jalen Smith,IND,68,31,37,18.8,0.8,0.3,0.6,45.0,0.1,0.1,90.0,0.7,80.7,0.1,15.8,0.0,3.5,0.0,5.3,0.1,8.8
212,Jalen Suggs,ORL,52,20,32,23.7,3.9,1.0,2.0,50.5,0.4,0.6,70.0,2.5,63.4,1.2,29.8,0.3,7.8,0.3,8.8,0.3,7.3
213,Jalen Williams,OKC,75,36,39,30.3,9.5,2.2,4.2,51.8,0.7,0.9,77.9,5.2,54.2,4.1,42.6,1.1,11.2,0.6,6.3,0.5,4.8
214,Jamal Cain,MIA,17,9,8,13.0,0.5,0.2,0.4,42.9,0.0,0.0,0.0,0.4,75.0,0.1,12.5,0.0,0.0,0.0,0.0,0.0,0.0
215,Jamal Murray,DEN,65,43,22,32.8,9.9,2.3,4.6,49.0,0.9,1.0,87.7,5.5,55.0,4.0,40.8,1.4,14.0,0.5,5.1,0.5,5.0
216,Jamaree Bouyea,WAS,5,2,3,14.1,3.0,0.8,1.0,80.0,0.2,0.4,50.0,2.0,66.7,1.6,53.3,0.2,6.7,0.2,6.7,0.2,6.7
217,James Bouknight,CHA,33,8,25,14.8,2.1,0.5,1.0,47.1,0.2,0.3,70.0,1.2,55.7,0.5,25.7,0.1,4.3,0.4,17.1,0.2,7.1
218,James Harden,PHI,58,39,19,36.8,13.5,2.4,5.2,46.0,2.3,2.7,87.1,7.4,54.8,5.9,44.1,1.7,12.4,0.7,5.4,1.3,10.0
219,James Johnson,IND,17,6,11,9.2,1.8,0.5,1.1,50.0,0.2,0.4,50.0,1.2,70.0,0.5,26.7,0.1,6.7,0.0,0.0,0.2,10.0
220,James Wiseman,DET,44,11,33,19.1,0.6,0.2,0.4,43.8,0.1,0.2,66.7,0.5,80.0,0.0,4.0,0.0,0.0,0.1,12.0,0.1,20.0
221,Jared Butler,OKC,5,2,3,6.2,2.2,0.6,1.2,50.0,0.0,0.0,0.0,1.2,54.5,0.8,36.4,0.2,9.1,0.2,9.1,0.0,0.0
222,Jared Rhoden,DET,13,2,11,12.5,0.7,0.1,0.3,25.0,0.2,0.2,100.0,0.3,44.4,0.2,22.2,0.1,11.1,0.2,22.2,0.1,11.1
223,Jaren Jackson Jr.,MEM,63,41,22,28.4,5.2,1.7,3.3,50.7,1.4,1.8,74.1,4.9,94.5,0.5,9.8,0.1,1.8,0.4,7.7,1.0,18.4
224,Jarred Vanderbilt,LAL,77,42,35,24.2,1.5,0.2,0.5,43.2,0.2,0.3,60.9,0.6,40.7,0.7,48.7,0.2,11.5,0.1,7.1,0.1,9.7
225,Jarrell Brantley,UTA,4,0,4,9.7,2.0,0.8,1.0,75.0,0.5,0.5,100.0,2.0,100.0,0.5,25.0,0.3,12.5,0.3,12.5,0.3,12.5
226,Jarrett Allen,CLE,67,44,23,33.0,0.3,0.1,0.2,46.2,0.0,0.1,50.0,0.2,69.6,0.1,17.4,0.0,0.0,0.0,13.0,0.0,13.0
227,Jarrett Culver,ATL,10,5,5,13.7,2.2,0.4,1.0,40.0,0.2,0.2,100.0,1.0,45.5,0.7,31.8,0.1,4.5,0.2,9.1,0.1,4.5
228,Jason Preston,LAC,14,4,10,8.8,2.3,0.4,1.0,35.7,0.0,0.0,0.0,0.7,31.3,1.0,43.8,0.2,9.4,0.3,12.5,0.0,0.0
229,Javonte Green,CHI,32,13,19,15.0,1.0,0.1,0.4,30.8,0.3,0.5,56.3,0.5,51.5,0.2,21.2,0.1,6.1,0.1,12.1,0.3,24.2
230,Jaxson Hayes,NOP,47,22,25,13.0,0.7,0.1,0.3,42.9,0.1,0.3,58.3,0.4,57.6,0.2,24.2,0.0,3.0,0.1,9.1,0.1,18.2
231,Jay Huff,WAS,7,2,5,13.6,1.0,0.1,0.4,33.3,0.0,0.0,0.0,0.4,42.9,0.4,42.9,0.3,28.6,0.1,14.3,0.0,0.0
232,Jay Scrubb,ORL,2,1,1,15.1,2.5,1.0,1.5,66.7,0.0,0.0,0.0,2.0,80.0,0.5,20.0,0.0,0.0,0.5,20.0,0.0,0.0
233,Jaylen Brown,BOS,67,46,21,35.9,11.4,3.4,5.9,57.9,1.7,2.0,82.8,8.8,77.2,3.3,29.1,0.7,6.2,0.9,7.5,1.0,8.8
234,Jaylen Nowell,MIN,65,34,31,19.3,5.6,1.6,3.2,51.0,0.5,0.6,75.0,3.8,68.3,1.7,29.8,0.5,9.3,0.3,6.0,0.3,5.5
235,Jaylin Williams,OKC,49,23,26,18.7,1.0,0.1,0.3,42.9,0.1,0.1,83.3,0.4,38.3,0.5,48.9,0.0,4.3,0.1,10.6,0.1,8.5
236,Jayson Tatum,BOS,74,52,22,36.9,11.2,3.0,5.7,52.2,2.0,2.4,81.7,8.2,73.8,3.3,29.5,0.7,6.5,0.7,6.5,1.2,10.9
237,Jeenathan Williams,POR,3,1,2,21.2,4.3,1.0,1.7,60.0,0.0,0.0,0.0,2.0,46.2,2.3,53.8,0.3,7.7,0.3,7.7,0.0,0.0
238,Jeff Dowtin Jr.,TOR,25,17,8,10.3,1.7,0.4,0.8,47.4,0.1,0.2,60.0,0.9,52.4,0.8,45.2,0.2,11.9,0.1,4.8,0.1,4.8
239,Jeff Green,DEN,56,33,23,19.5,1.7,0.4,0.8,54.5,0.5,0.6,80.6,1.4,83.0,0.4,21.3,0.1,4.3,0.1,7.4,0.3,19.1
240,Jerami Grant,POR,63,28,35,35.6,6.5,1.5,3.0,48.7,1.6,2.0,78.7,4.6,70.8,1.7,26.5,0.4,6.8,0.6,9.0,1.0,15.6
241,Jeremiah Robinson-Earl,OKC,42,15,27,18.4,0.8,0.2,0.2,77.8,0.1,0.1,100.0,0.4,52.9,0.4,50.0,0.1,11.8,0.1,8.8,0.0,5.9
242,Jeremy Sochan,SAS,55,15,40,26.1,6.6,1.2,2.9,41.9,0.7,0.9,79.2,3.2,49.0,2.6,39.1,0.5,8.3,0.5,7.5,0.4,6.6
243,Jericho Sims,NYK,52,31,21,15.6,0.1,0.0,0.0,100.0,0.0,0.0,0.0,0.0,50.0,0.0,50.0,0.0,0.0,0.0,25.0,0.0,0.0
244,Jevon Carter,MIL,80,57,23,22.4,3.4,0.4,1.1,38.5,0.1,0.1,60.0,1.0,28.1,1.9,55.9,0.4,11.1,0.2,5.9,0.1,1.9
245,Jimmy Butler,MIA,64,35,29,33.4,14.1,2.8,5.4,51.7,2.3,2.6,86.3,8.2,58.6,6.5,46.2,1.5,10.6,0.5,3.4,1.3,9.3
246,Jock Landale,PHX,68,35,33,14.1,0.1,0.0,0.1,50.0,0.0,0.0,0.0,0.1,44.4,0.1,44.4,0.0,11.1,0.0,11.1,0.0,0.0
247,Joe Harris,BKN,74,40,34,20.6,2.1,0.2,0.5,38.2,0.1,0.1,50.0,0.4,19.7,1.4,65.6,0.3,15.3,0.2,8.9,0.1,2.5
248,Joe Ingles,MIL,45,32,13,22.8,2.9,0.4,0.7,56.3,0.1,0.1,100.0,0.9,31.3,1.8,61.1,0.5,16.8,0.3,9.9,0.0,1.5
249,Joe Wieskamp,TOR,8,5,3,4.3,0.0,0.0,0.0,0.0,0.0,0.0,0.0,0.0,0.0,0.0,0.0,0.0,0.0,0.0,0.0,0.0,0.0
250,Joel Embiid,PHI,66,43,23,34.6,6.3,2.0,3.4,57.8,2.1,2.5,86.0,6.4,101.4,0.9,14.2,0.3,5.3,0.5,8.2,1.3,20.2
251,John Butler Jr.,POR,17,4,13,9.6,0.2,0.1,0.1,50.0,0.0,0.0,0.0,0.2,100.0,0.1,33.3,0.0,0.0,0.0,0.0,0.0,0.0
252,John Collins,ATL,71,37,34,30.0,2.4,0.8,1.4,57.1,0.2,0.3,80.0,1.8,75.7,0.6,24.3,0.1,5.8,0.3,11.0,0.1,5.8
253,John Konchar,MEM,71,45,26,20.5,1.1,0.1,0.5,20.0,0.1,0.1,75.0,0.3,24.7,0.5,40.7,0.1,9.9,0.1,11.1,0.1,4.9
254,John Wall,LAC,34,15,19,22.2,8.6,1.2,2.8,43.2,1.2,1.6,77.8,3.8,44.0,4.0,46.7,0.9,10.7,0.6,7.2,0.8,9.3
255,Johnny Davis,WAS,27,10,17,14.2,2.2,0.6,1.4,43.6,0.3,0.4,70.0,1.6,71.2,0.4,18.6,0.0,1.7,0.1,3.4,0.2,8.5
256,Johnny Juzang,UTA,17,6,11,12.7,1.5,0.5,0.8,57.1,0.0,0.1,0.0,0.9,64.0,0.5,32.0,0.0,0.0,0.1,8.0,0.1,4.0
257,Jonas Valanciunas,NOP,78,40,38,25.0,0.6,0.2,0.4,44.8,0.1,0.1,75.0,0.4,71.7,0.1,13.0,0.0,2.2,0.1,10.9,0.1,8.7
258,Jonathan Isaac,ORL,11,8,3,11.3,0.5,0.0,0.2,0.0,0.0,0.0,0.0,0.0,0.0,0.2,40.0,0.0,0.0,0.1,20.0,0.0,0.0
259,Jonathan Kuminga,GSW,66,37,29,20.8,3.6,0.8,1.7,51.4,0.5,0.7,66.7,2.2,60.2,1.2,33.5,0.4,10.2,0.3,9.3,0.3,9.7
260,Jordan Clarkson,UTA,61,30,31,32.6,15.6,3.7,7.0,52.5,1.3,1.5,81.9,8.8,56.6,5.9,37.8,1.8,11.5,1.4,8.9,0.8,4.9
261,Jordan Goodwin,WAS,61,22,39,17.6,4.4,1.0,2.1,48.8,0.2,0.4,63.6,2.3,53.2,1.7,39.0,0.4,9.7,0.3,6.7,0.2,4.1
262,Jordan Hall,SAS,9,1,8,9.2,1.6,0.1,0.2,50.0,0.3,0.4,75.0,0.6,35.7,0.9,57.1,0.3,21.4,0.2,14.3,0.2,14.3
263,Jordan McLaughlin,MIN,41,20,21,15.6,3.3,0.5,1.0,51.2,0.2,0.2,87.5,1.2,36.6,1.9,57.5,0.5,15.7,0.2,5.2,0.1,3.0
264,Jordan Nwora,IND,61,35,26,19.1,3.6,0.8,1.8,43.2,0.5,0.6,79.5,2.2,61.3,1.1,30.0,0.2,6.9,0.2,6.9,0.3,9.2
265,Jordan Poole,GSW,80,42,38,30.1,8.6,2.0,4.0,49.4,1.4,1.6,86.5,5.6,64.6,2.8,32.5,0.8,8.7,0.7,8.3,0.8,9.2
266,Jordan Schakel,WAS,2,0,2,3.1,1.5,0.0,0.5,0.0,0.0,0.0,0.0,0.0,0.0,0.5,33.3,0.0,0.0,0.0,0.0,0.0,0.0
267,Jose Alvarado,NOP,61,30,31,21.5,6.8,1.4,3.0,46.2,0.6,0.8,76.1,3.4,50.4,2.9,42.2,0.7,10.6,0.4,6.0,0.4,5.5
268,Josh Christopher,HOU,63,15,48,12.0,4.0,1.2,2.5,48.1,0.3,0.3,76.2,2.7,67.3,1.0,24.3,0.3,6.4,0.3,7.6,0.2,4.4
269,Josh Giddey,OKC,76,34,42,31.1,12.4,3.1,6.3,48.3,0.5,0.7,73.1,6.8,54.4,4.8,38.8,1.2,9.9,0.6,5.0,0.4,2.9
270,Josh Green,DAL,60,27,33,25.7,4.9,1.1,1.9,57.4,0.5,0.6,79.4,2.8,56.3,2.1,42.3,0.4,8.9,0.4,8.2,0.3,5.8
271,Josh Hart,NYK,75,42,33,32.4,4.0,0.7,1.5,50.5,0.4,0.5,76.3,1.9,49.2,1.9,48.5,0.4,11.1,0.3,6.4,0.3,6.4
272,Josh Minott,MIN,14,6,8,6.5,0.9,0.1,0.6,25.0,0.1,0.1,100.0,0.4,50.0,0.2,25.0,0.0,0.0,0.0,0.0,0.1,8.3
273,Josh Okogie,PHX,71,38,33,18.6,3.3,0.4,1.1,38.5,0.7,1.1,67.1,1.6,48.5,1.2,37.8,0.4,12.9,0.3,8.6,0.5,16.3
274,Josh Richardson,NOP,63,24,39,23.5,4.8,0.9,1.9,47.5,0.2,0.3,83.3,2.1,43.1,2.3,47.7,0.6,12.5,0.3,6.9,0.1,3.0
275,Joshua Primo,SAS,4,3,1,23.3,7.5,1.0,2.0,50.0,0.8,1.0,75.0,2.8,36.7,4.0,53.3,0.8,10.0,1.0,13.3,0.5,6.7
276,Jrue Holiday,MIL,67,50,17,32.6,11.8,2.7,5.0,54.2,0.9,1.1,82.4,6.5,55.1,5.2,44.1,1.5,12.5,0.7,5.9,0.6,4.7
277,Juan Toscano-Anderson,UTA,51,19,32,13.4,1.5,0.3,0.7,47.1,0.1,0.1,100.0,0.7,48.7,0.6,38.2,0.1,5.3,0.2,10.5,0.0,2.6
278,Juancho Hernangomez,TOR,42,20,22,14.6,0.2,0.0,0.1,33.3,0.0,0.0,0.0,0.0,22.2,0.1,55.6,0.0,0.0,0.0,0.0,0.0,0.0
279,Julian Champagnie,SAS,14,5,9,16.4,0.7,0.2,0.4,60.0,0.0,0.0,0.0,0.4,60.0,0.1,20.0,0.0,0.0,0.1,10.0,0.0,0.0
280,Julius Randle,NYK,77,44,33,35.5,9.3,1.9,3.7,51.1,1.2,1.6,74.8,5.2,56.2,3.8,41.2,1.1,11.8,0.6,7.0,0.8,9.0
281,Justin Champagnie,BOS,4,3,1,3.6,0.3,0.3,0.3,100.0,0.0,0.0,0.0,0.5,200.0,0.0,0.0,0.0,0.0,0.0,0.0,0.0,0.0
282,Justin Holiday,DAL,45,18,27,15.2,0.4,0.1,0.1,75.0,0.0,0.0,0.0,0.1,33.3,0.3,66.7,0.1,16.7,0.0,11.1,0.0,0.0
283,Justin Jackson,BOS,23,15,8,4.7,0.4,0.0,0.1,33.3,0.0,0.0,0.0,0.1,20.0,0.3,70.0,0.1,30.0,0.0,0.0,0.0,0.0
284,Justin Minaya,POR,2,0,2,18.7,0.5,0.0,0.0,0.0,0.0,0.0,0.0,0.0,0.0,0.0,0.0,0.0,0.0,0.5,100.0,0.0,0.0
285,Justise Winslow,POR,29,15,14,26.8,3.7,0.5,1.5,34.1,0.1,0.3,50.0,1.2,32.1,1.6,42.5,0.4,11.3,0.4,10.4,0.1,3.8
286,Jusuf Nurkic,POR,52,24,28,26.8,0.8,0.3,0.5,62.5,0.1,0.2,70.0,0.7,92.7,0.2,19.5,0.0,2.4,0.1,7.3,0.1,12.2
287,KZ Okpala,SAC,35,19,16,7.1,0.6,0.1,0.2,33.3,0.1,0.1,100.0,0.2,27.3,0.4,59.1,0.1,9.1,0.0,4.5,0.0,4.5
288,Kai Jones,CHA,45,12,33,11.8,0.9,0.2,0.5,45.5,0.1,0.2,62.5,0.6,69.2,0.2,23.1,0.0,2.6,0.1,10.3,0.1,10.3
289,Karl-Anthony Towns,MIN,27,13,14,33.1,7.2,1.9,3.6,52.1,1.6,1.9,86.0,5.5,76.8,1.9,26.3,0.4,5.2,0.4,6.2,0.9,12.9
290,Kawhi Leonard,LAC,51,32,19,33.6,10.8,2.6,4.5,58.5,1.3,1.6,82.9,6.9,63.6,4.8,44.6,0.9,8.3,0.4,3.8,0.8,7.6
291,Keegan Murray,SAC,79,47,32,29.8,2.2,0.5,1.1,48.8,0.2,0.2,85.7,1.3,55.9,0.8,36.7,0.2,7.3,0.2,8.5,0.1,4.0
292,Keita Bates-Diop,SAS,63,16,47,21.7,3.1,0.7,1.7,42.3,0.4,0.6,71.1,2.0,64.4,0.8,27.3,0.3,10.3,0.2,5.7,0.3,9.8
293,Keldon Johnson,SAS,61,16,45,32.8,12.6,3.5,7.2,49.2,1.9,2.6,73.1,9.3,74.0,3.1,25.0,0.6,4.4,0.7,5.6,1.3,10.3
294,Kelly Olynyk,UTA,67,28,39,28.5,4.9,1.0,1.9,53.9,0.8,0.9,87.9,3.1,61.9,1.9,38.4,0.6,11.5,0.5,10.3,0.4,8.8
295,Kelly Oubre Jr.,CHA,48,16,32,32.2,7.2,2.3,4.9,46.2,1.0,1.6,65.8,5.9,81.2,0.9,12.7,0.2,2.9,0.4,5.5,0.8,11.0
296,Kemba Walker,DAL,9,5,4,16.0,5.3,1.3,2.2,60.0,1.0,1.3,75.0,3.8,70.8,2.2,41.7,0.6,10.4,0.1,2.1,0.7,12.5
297,Kendall Brown,IND,6,1,5,6.7,0.5,0.0,0.2,0.0,0.0,0.0,0.0,0.0,0.0,0.3,66.7,0.0,0.0,0.0,0.0,0.0,0.0
298,Kendrick Nunn,WAS,69,30,39,13.6,3.6,0.7,1.7,43.2,0.1,0.2,90.9,1.7,46.9,1.4,39.2,0.4,10.2,0.3,9.0,0.1,2.0
299,Kennedy Chandler,MEM,36,22,14,7.8,2.1,0.4,1.1,35.9,0.0,0.1,33.3,0.8,36.8,0.9,40.8,0.4,18.4,0.1,2.6,0.0,1.3
300,Kenneth Lofton Jr.,MEM,23,15,8,5.9,0.7,0.2,0.3,57.1,0.1,0.2,50.0,0.4,66.7,0.2,33.3,0.1,13.3,0.0,0.0,0.1,13.3
301,Kenrich Williams,OKC,53,26,27,22.8,2.6,0.4,0.9,42.6,0.1,0.2,30.0,0.8,31.9,1.4,52.2,0.3,10.9,0.2,6.5,0.1,3.6
302,Kentavious Caldwell-Pope,DEN,76,51,25,31.3,1.9,0.4,0.8,46.6,0.2,0.3,70.8,1.0,52.4,0.8,39.9,0.2,11.9,0.2,8.4,0.2,8.4
303,Kenyon Martin Jr.,HOU,81,21,60,28.0,2.1,0.6,1.0,57.3,0.3,0.4,65.6,1.5,69.8,0.7,34.9,0.1,5.8,0.1,5.2,0.2,9.3
304,Keon Ellis,SAC,15,7,8,3.8,0.4,0.1,0.1,50.0,0.0,0.0,0.0,0.1,33.3,0.3,66.7,0.2,50.0,0.0,0.0,0.0,0.0
305,Keon Johnson,POR,40,13,27,10.4,3.0,0.6,1.3,44.2,0.5,0.7,69.2,1.6,55.1,1.1,36.4,0.3,8.5,0.3,8.5,0.3,11.0
306,Kessler Edwards,SAC,35,17,18,10.7,0.5,0.1,0.2,37.5,0.0,0.0,0.0,0.2,35.3,0.2,47.1,0.1,17.6,0.0,0.0,0.0,0.0
307,Kevin Durant,PHX,47,34,13,35.6,8.8,3.2,5.1,63.0,1.6,1.7,93.6,8.3,93.7,2.2,24.6,0.6,6.8,0.6,6.3,0.8,9.4
308,Kevin Huerter,SAC,74,44,30,29.5,4.4,1.0,1.9,51.4,0.3,0.4,64.5,2.3,52.6,1.9,42.4,0.6,12.7,0.3,7.1,0.2,5.0
309,Kevin Knox II,POR,61,12,49,14.7,1.5,0.4,0.8,46.9,0.3,0.3,88.9,1.0,70.0,0.4,24.4,0.1,6.7,0.1,8.9,0.1,10.0
310,Kevin Love,MIA,61,34,27,20.2,0.8,0.1,0.3,45.0,0.1,0.1,87.5,0.4,55.3,0.3,36.2,0.0,2.1,0.0,6.4,0.1,8.5
311,Kevin Porter Jr.,HOU,59,18,41,34.3,14.1,2.3,5.3,44.2,1.6,2.0,80.7,6.5,46.0,6.6,47.0,1.6,11.2,0.9,6.4,1.0,6.9
312,Kevon Harris,ORL,33,12,21,13.0,2.0,0.3,0.7,40.9,0.2,0.2,75.0,0.8,38.5,0.8,40.0,0.2,7.7,0.3,16.9,0.1,6.2
313,Kevon Looney,GSW,80,42,38,23.9,0.5,0.1,0.2,52.9,0.1,0.2,83.3,0.4,78.4,0.1,29.7,0.0,8.1,0.0,2.7,0.1,16.2
314,Khem Birch,SAS,20,9,11,8.1,0.1,0.0,0.0,0.0,0.0,0.0,0.0,0.0,0.0,0.1,100.0,0.1,50.0,0.0,0.0,0.0,0.0
315,Khris Middleton,MIL,33,25,8,24.3,6.4,1.5,2.9,50.0,0.8,0.8,96.3,3.8,59.7,2.5,39.3,0.8,13.3,0.4,6.6,0.4,6.6
316,Killian Hayes,DET,74,16,58,28.1,8.9,1.7,4.2,40.2,0.5,0.6,83.3,3.9,43.8,3.7,41.6,1.1,11.9,0.5,5.8,0.3,3.2
317,Kira Lewis Jr.,NOP,25,11,14,9.4,2.2,0.4,1.1,32.1,0.3,0.3,87.5,1.0,47.3,0.8,36.4,0.1,3.6,0.0,0.0,0.2,7.3
318,Klay Thompson,GSW,67,36,31,33.4,5.7,1.0,2.2,43.9,0.3,0.4,82.1,2.3,40.8,2.8,48.1,0.8,13.5,0.4,7.5,0.2,3.6
319,Kobi Simmons,CHA,4,0,4,4.9,0.8,0.0,0.3,0.0,0.5,0.5,100.0,0.5,66.7,0.3,33.3,0.3,33.3,0.0,0.0,0.3,33.3
320,Kris Dunn,UTA,21,8,13,25.1,11.2,3.4,6.4,53.7,1.1,1.3,82.1,8.2,72.9,3.6,31.8,1.0,9.3,0.4,3.8,0.7,5.9
321,Kristaps Porzingis,WAS,65,27,38,32.6,3.3,1.1,2.0,56.5,0.7,0.8,89.8,3.1,92.6,0.6,18.1,0.1,3.3,0.3,7.9,0.4,11.2
322,Kyle Anderson,MIN,67,34,33,28.3,7.0,1.7,3.3,50.5,0.6,0.9,73.7,4.0,57.4,2.7,39.2,0.9,13.1,0.3,4.9,0.4,6.2
323,Kyle Kuzma,WAS,64,29,35,35.0,9.4,2.6,5.2,50.0,1.1,1.4,77.8,6.5,68.9,2.4,25.8,0.9,9.6,0.9,9.8,0.7,7.5
324,Kyle Lowry,MIA,54,29,25,31.6,6.5,1.0,1.9,52.9,0.7,0.9,87.0,2.9,44.6,3.7,57.1,0.8,12.0,0.3,4.6,0.4,6.6
325,Kyrie Irving,DAL,60,32,28,37.3,11.6,3.8,6.4,58.3,1.4,1.6,89.2,9.2,79.0,3.5,30.4,1.0,8.2,0.6,4.9,0.8,6.8
326,LaMelo Ball,CHA,36,13,23,35.2,14.7,2.5,6.1,40.9,1.3,1.4,86.5,6.4,43.4,6.6,44.7,1.8,12.5,0.9,6.4,0.7,4.7
327,Lamar Stevens,CLE,61,39,22,18.1,1.6,0.4,1.0,40.7,0.1,0.1,66.7,0.9,54.2,0.4,26.0,0.1,7.3,0.1,6.3,0.1,4.2
328,Landry Shamet,PHX,39,19,20,20.2,2.8,0.4,1.3,31.4,0.4,0.4,87.5,1.2,41.8,1.1,40.0,0.3,10.0,0.1,3.6,0.2,7.3
329,Larry Nance Jr.,NOP,64,34,30,21.3,0.3,0.1,0.1,44.4,0.0,0.0,0.0,0.1,42.1,0.1,36.8,0.0,0.0,0.0,5.3,0.0,0.0
330,Lauri Markkanen,UTA,66,32,34,34.4,5.7,1.4,2.9,49.2,1.2,1.3,86.4,4.2,73.5,1.5,26.2,0.3,5.6,0.4,7.0,0.7,11.8
331,LeBron James,LAL,54,29,25,35.6,9.8,2.6,4.7,54.3,1.3,1.7,73.1,6.7,68.7,3.3,34.0,1.0,10.6,0.6,6.6,0.9,8.9
332,Leandro Bolmaro,UTA,14,8,6,4.9,2.0,0.2,0.9,25.0,0.0,0.0,0.0,0.4,21.4,1.0,50.0,0.1,7.1,0.1,3.6,0.0,0.0
333,Lester Quinones,GSW,3,3,0,2.5,1.3,0.0,0.3,0.0,0.0,0.0,0.0,0.0,0.0,0.7,50.0,0.3,25.0,0.3,25.0,0.0,0.0
334,Lindell Wigginton,MIL,6,4,2,9.9,3.2,1.2,2.0,58.3,0.0,0.0,0.0,2.5,78.9,0.5,15.8,0.2,5.3,0.5,15.8,0.0,0.0
335,Lindy Waters III,OKC,40,19,21,13.0,0.1,0.0,0.0,100.0,0.0,0.0,0.0,0.1,66.7,0.0,33.3,0.0,33.3,0.0,33.3,0.0,0.0
336,Lonnie Walker IV,LAL,56,27,29,23.2,4.1,0.9,1.9,50.0,0.8,0.9,91.7,2.8,67.2,1.4,35.4,0.4,8.7,0.3,7.9,0.4,10.9
337,Luguentz Dort,OKC,74,36,38,30.7,9.4,1.4,3.4,40.2,1.3,1.5,84.1,4.1,44.2,4.3,46.1,0.8,8.9,0.5,5.6,0.8,8.2
338,Luka Doncic,DAL,66,33,33,36.2,19.7,5.5,8.7,62.7,3.2,4.3,73.0,14.6,74.4,7.4,37.5,2.1,10.9,1.0,5.3,2.1,10.8
339,Luka Garza,MIN,27,14,13,8.8,0.7,0.3,0.5,69.2,0.1,0.1,100.0,0.9,133.3,0.0,5.6,0.0,0.0,0.1,11.1,0.1,11.1
340,Luka Samanic,UTA,6,2,4,21.8,2.5,0.5,1.0,50.0,1.0,1.3,75.0,2.0,80.0,0.5,20.0,0.2,6.7,0.3,13.3,0.7,26.7
341,Luke Kennard,MEM,59,37,22,22.3,2.4,0.5,1.0,47.5,0.2,0.2,92.9,1.2,50.4,1.1,44.6,0.3,10.8,0.1,5.8,0.1,5.0
342,Luke Kornet,BOS,68,44,24,11.3,0.1,0.0,0.0,0.0,0.0,0.0,0.0,0.0,0.0,0.0,25.0,0.0,0.0,0.0,25.0,0.0,0.0
343,Mac McClung,PHI,1,1,0,7.8,4.0,0.0,1.0,0.0,0.0,0.0,0.0,0.0,0.0,1.0,25.0,0.0,0.0,2.0,50.0,0.0,0.0
344,Malachi Flynn,TOR,52,28,24,12.6,3.0,0.4,1.0,37.0,0.2,0.3,80.0,1.0,33.3,1.5,50.6,0.3,10.3,0.2,7.1,0.2,5.1
345,Malaki Branham,SAS,62,13,49,23.5,4.7,1.4,2.6,53.7,0.3,0.4,72.7,3.1,66.3,1.5,31.3,0.3,7.2,0.3,6.9,0.2,3.8
346,Malcolm Brogdon,BOS,67,46,21,26.0,11.3,2.2,4.5,49.7,1.2,1.5,81.8,5.9,52.0,5.0,43.8,1.3,11.9,0.7,5.8,0.7,6.6
347,Malcolm Hill,CHI,4,3,1,2.0,0.0,0.0,0.0,0.0,0.0,0.0,0.0,0.0,0.0,0.0,0.0,0.0,0.0,0.0,0.0,0.0,0.0
348,Malik Beasley,LAL,80,44,36,25.8,2.8,0.7,1.5,47.9,0.2,0.2,85.7,1.6,55.1,1.0,36.1,0.3,11.5,0.2,7.0,0.1,3.1
349,Malik Monk,SAC,76,47,29,22.4,9.1,1.5,2.9,50.7,1.1,1.2,91.4,4.2,46.5,4.7,51.4,1.6,17.2,0.7,7.2,0.6,6.8
350,Mamadi Diakite,CLE,21,15,6,7.6,0.3,0.2,0.2,80.0,0.0,0.0,0.0,0.4,114.3,0.0,14.3,0.0,0.0,0.0,14.3,0.0,0.0
351,MarJon Beauchamp,MIL,51,34,17,13.2,1.7,0.3,0.5,50.0,0.2,0.2,66.7,0.7,42.4,0.7,40.0,0.1,5.9,0.3,17.6,0.1,7.1
352,Marcus Morris Sr.,LAC,65,35,30,28.1,2.9,0.9,1.8,48.7,0.2,0.2,68.8,1.9,66.5,0.8,28.2,0.2,6.4,0.1,3.2,0.1,4.3
353,Marcus Smart,BOS,61,43,18,32.1,7.2,1.3,2.4,52.3,0.5,0.8,69.6,3.1,43.7,3.5,49.0,0.8,11.4,0.6,8.2,0.4,5.2
354,Mark Williams,CHA,42,17,25,19.0,0.0,0.0,0.0,50.0,0.0,0.0,0.0,0.0,100.0,0.0,0.0,0.0,0.0,0.0,0.0,0.0,0.0
355,Markelle Fultz,ORL,59,29,30,29.9,12.2,2.5,5.1,50.2,0.7,0.9,73.2,5.9,48.5,5.7,46.5,1.5,12.5,0.7,5.8,0.5,3.9
356,Markieff Morris,DAL,34,17,17,9.7,0.4,0.1,0.1,60.0,0.0,0.0,0.0,0.2,50.0,0.2,50.0,0.0,8.3,0.0,8.3,0.0,0.0
357,Marko Simonovic,CHI,5,1,4,2.1,0.2,0.0,0.0,0.0,0.0,0.0,0.0,0.0,0.0,0.2,100.0,0.0,0.0,0.0,0.0,0.0,0.0
358,Marvin Bagley III,DET,41,7,34,23.7,2.4,0.8,1.6,50.0,0.5,0.6,87.5,2.2,89.0,0.5,20.0,0.0,1.0,0.1,3.0,0.3,12.0
359,Mason Plumlee,LAC,78,27,51,26.0,1.7,0.4,0.7,67.3,0.3,0.4,58.8,1.2,68.9,0.7,37.8,0.1,6.7,0.1,5.9,0.2,12.6
360,Matisse Thybulle,POR,71,38,33,16.9,1.0,0.1,0.4,29.6,0.1,0.1,50.0,0.3,29.0,0.4,42.0,0.2,15.9,0.1,8.7,0.1,5.8
361,Matt Ryan,MIN,33,14,19,9.3,0.2,0.0,0.2,20.0,0.0,0.0,0.0,0.1,28.6,0.0,14.3,0.0,0.0,0.0,14.3,0.0,0.0
362,Matthew Dellavedova,SAC,32,19,13,6.7,1.5,0.2,0.5,35.3,0.1,0.1,100.0,0.4,29.8,0.9,59.6,0.3,19.1,0.0,2.1,0.0,2.1
363,Max Christie,LAL,40,18,22,12.8,0.9,0.1,0.3,38.5,0.1,0.1,75.0,0.3,35.1,0.5,51.4,0.1,8.1,0.1,5.4,0.1,5.4
364,Max Strus,MIA,79,41,38,28.6,3.4,0.6,1.4,44.1,0.2,0.3,85.0,1.5,43.2,1.6,46.2,0.4,10.5,0.2,6.8,0.1,3.8
365,Maxi Kleber,DAL,37,18,19,25.1,0.8,0.2,0.3,70.0,0.2,0.3,80.0,0.6,76.7,0.3,40.0,0.1,10.0,0.1,10.0,0.1,16.7
366,McKinley Wright IV,DAL,26,14,12,11.8,4.0,0.9,1.7,54.5,0.1,0.2,75.0,2.0,50.5,1.7,43.7,0.5,12.6,0.4,9.7,0.1,1.9
367,Meyers Leonard,MIL,8,6,2,10.4,0.0,0.0,0.0,0.0,0.0,0.0,0.0,0.0,0.0,0.0,0.0,0.0,0.0,0.0,0.0,0.0,0.0
368,Mfiondu Kabengele,BOS,3,2,1,5.8,0.0,0.0,0.0,0.0,0.0,0.0,0.0,0.0,0.0,0.0,0.0,0.0,0.0,0.0,0.0,0.0,0.0
369,Micah Potter,UTA,7,4,3,7.5,0.7,0.3,0.6,50.0,0.0,0.0,0.0,0.6,80.0,0.1,20.0,0.1,20.0,0.0,0.0,0.0,0.0
370,Michael Carter-Williams,ORL,3,1,2,9.3,3.3,1.0,1.7,60.0,1.0,1.3,75.0,3.0,90.0,1.0,30.0,0.7,20.0,0.0,0.0,0.7,20.0
371,Michael Foster Jr.,PHI,1,1,0,1.0,0.0,0.0,0.0,0.0,0.0,0.0,0.0,0.0,0.0,0.0,0.0,0.0,0.0,0.0,0.0,0.0,0.0
372,Michael Porter Jr.,DEN,62,41,21,29.0,2.5,0.8,1.5,55.4,0.3,0.4,70.8,2.0,78.2,0.5,18.6,0.0,1.9,0.3,10.9,0.2,7.7
373,Mikal Bridges,BKN,82,42,40,36.1,8.8,2.3,4.7,49.2,1.5,1.7,87.5,6.3,71.8,2.7,30.2,0.5,6.2,0.5,5.1,0.8,9.5
374,Mike Conley,MIN,65,32,33,30.3,9.0,1.4,3.1,45.5,0.7,0.9,75.9,3.6,40.0,4.7,52.5,1.4,16.1,0.5,5.7,0.4,5.0
375,Mike Muscala,BOS,62,31,31,14.7,0.3,0.0,0.1,40.0,0.1,0.1,100.0,0.1,40.0,0.2,60.0,0.0,0.0,0.0,0.0,0.0,10.0
376,Miles McBride,NYK,63,36,27,11.9,1.5,0.2,0.6,30.6,0.1,0.2,64.3,0.5,32.6,0.7,48.4,0.4,24.2,0.0,3.2,0.1,7.4
377,Mitchell Robinson,NYK,58,35,23,26.9,0.1,0.0,0.0,100.0,0.0,0.0,0.0,0.1,133.3,0.0,33.3,0.0,33.3,0.0,0.0,0.0,0.0
378,Mo Bamba,LAL,48,24,24,16.0,0.2,0.0,0.1,33.3,0.1,0.1,83.3,0.1,77.8,0.0,11.1,0.0,0.0,0.0,0.0,0.1,33.3
379,Monte Morris,WAS,62,28,34,27.4,5.3,1.3,2.6,52.2,0.4,0.4,92.3,3.1,58.8,2.3,43.6,0.6,12.1,0.2,3.0,0.2,3.9
380,Montrezl Harrell,PHI,56,34,22,11.8,0.4,0.1,0.3,42.9,0.1,0.1,66.7,0.3,90.0,0.0,0.0,0.0,0.0,0.1,15.0,0.1,15.0
381,Moritz Wagner,ORL,57,27,30,19.5,1.7,0.6,1.0,56.9,0.5,0.6,87.5,1.8,104.0,0.3,18.2,0.1,4.0,0.1,6.1,0.3,16.2
382,Moses Brown,BKN,36,17,19,8.2,0.1,0.0,0.0,100.0,0.0,0.1,50.0,0.1,150.0,0.0,0.0,0.0,0.0,0.0,0.0,0.0,50.0
383,Moses Moody,GSW,61,35,26,12.6,1.6,0.3,0.5,60.6,0.2,0.3,70.0,0.9,56.1,0.7,45.9,0.2,11.2,0.1,8.2,0.2,10.2
384,Moussa Diabate,LAC,22,10,12,8.9,0.3,0.1,0.2,50.0,0.0,0.1,50.0,0.3,85.7,0.0,0.0,0.0,0.0,0.1,28.6,0.0,14.3
385,Myles Turner,IND,62,29,33,29.4,1.9,0.7,1.1,61.4,0.5,0.7,66.7,1.9,102.6,0.1,6.9,0.0,0.0,0.2,11.2,0.3,18.1
386,Naji Marshall,NOP,76,40,36,23.4,5.4,1.4,2.8,49.0,0.7,0.9,77.5,3.6,66.7,1.6,29.1,0.4,8.1,0.5,8.8,0.5,8.8
387,Nassir Little,POR,54,22,32,18.1,2.7,0.7,1.4,49.4,0.2,0.3,68.8,1.7,61.2,0.9,32.7,0.2,6.1,0.2,7.5,0.1,5.4
388,Nathan Knight,MIN,36,17,19,7.9,1.3,0.3,0.5,64.7,0.5,0.7,75.0,1.1,88.9,0.3,24.4,0.1,6.7,0.1,8.9,0.3,26.7
389,Naz Reid,MIN,68,32,36,18.4,3.0,1.1,1.7,63.2,0.4,0.6,67.5,2.6,87.6,0.6,21.4,0.1,4.0,0.3,8.5,0.3,10.0
390,Neemias Queta,SAC,4,1,3,6.1,0.0,0.0,0.0,0.0,0.0,0.0,0.0,0.0,0.0,0.0,0.0,0.0,0.0,0.0,0.0,0.0,0.0
391,Nerlens Noel,BKN,17,4,13,11.5,0.2,0.0,0.1,0.0,0.1,0.1,100.0,0.1,50.0,0.0,0.0,0.0,0.0,0.1,25.0,0.1,25.0
392,Nic Claxton,BKN,76,41,35,29.9,1.7,0.6,1.1,56.1,0.2,0.4,60.0,1.5,90.5,0.3,16.7,0.1,3.2,0.1,4.0,0.2,11.9
393,Nick Richards,CHA,64,20,44,18.8,0.2,0.0,0.1,60.0,0.1,0.1,87.5,0.2,92.9,0.1,28.6,0.0,14.3,0.0,7.1,0.1,28.6
394,Nickeil Alexander-Walker,MIN,57,27,30,14.9,3.9,0.6,1.4,45.5,0.3,0.4,79.2,1.6,40.8,1.9,48.4,0.5,11.7,0.3,6.7,0.2,5.4
395,Nicolas Batum,LAC,77,43,34,21.9,0.2,0.0,0.1,50.0,0.0,0.1,50.0,0.1,50.0,0.1,35.7,0.0,7.1,0.0,14.3,0.0,21.4
396,Nikola Jokic,DEN,69,48,21,33.7,4.3,1.1,1.6,68.8,0.6,0.7,78.0,2.8,65.3,1.9,42.7,0.7,15.3,0.3,8.0,0.4,8.3
397,Nikola Jovic,MIA,15,7,8,13.6,0.7,0.0,0.2,0.0,0.0,0.0,0.0,0.0,0.0,0.3,50.0,0.0,0.0,0.1,20.0,0.0,0.0
398,Nikola Vucevic,CHI,80,38,42,33.7,2.2,0.6,1.0,61.0,0.2,0.2,77.8,1.5,67.2,0.9,40.2,0.1,5.2,0.1,4.6,0.1,5.2
399,Noah Vonleh,BOS,23,17,6,7.5,0.3,0.1,0.2,50.0,0.1,0.1,100.0,0.3,85.7,0.0,14.3,0.0,0.0,0.0,14.3,0.0,14.3
400,Norman Powell,LAC,59,30,29,26.0,8.4,2.1,4.0,53.6,1.4,1.7,82.8,5.8,68.7,2.6,31.3,0.6,6.6,0.7,8.2,0.8,10.0
401,O.G. Anunoby,TOR,67,33,34,35.6,6.4,1.3,3.0,41.4,0.6,0.8,75.5,3.2,49.9,2.2,33.9,0.4,6.7,0.7,10.2,0.4,6.3
402,Obi Toppin,NYK,66,37,29,15.4,1.2,0.3,0.6,47.4,0.1,0.2,90.0,0.7,57.0,0.5,39.2,0.1,8.9,0.1,5.1,0.1,6.3
403,Ochai Agbaji,UTA,58,29,29,20.4,2.6,0.6,1.1,50.0,0.3,0.4,76.9,1.5,58.4,0.9,36.2,0.2,8.1,0.2,8.1,0.2,8.7
404,Olivier Sarr,OKC,8,4,4,8.9,0.0,0.0,0.0,0.0,0.0,0.0,0.0,0.0,0.0,0.0,0.0,0.0,0.0,0.0,0.0,0.0,0.0
405,Omer Yurtseven,MIA,8,4,4,7.4,0.1,0.0,0.0,0.0,0.0,0.0,0.0,0.0,0.0,0.1,100.0,0.0,0.0,0.0,0.0,0.0,0.0
406,Onyeka Okongwu,ATL,79,41,38,23.1,0.4,0.2,0.3,50.0,0.0,0.1,25.0,0.4,85.7,0.1,11.4,0.0,0.0,0.0,2.9,0.0,5.7
407,Orlando Robinson,MIA,30,17,13,13.8,0.1,0.1,0.1,100.0,0.0,0.0,0.0,0.1,200.0,0.0,0.0,0.0,0.0,0.0,0.0,0.0,0.0
408,Oshae Brissett,IND,64,26,38,16.5,2.4,0.4,1.1,38.4,0.8,1.1,69.4,1.7,69.9,0.5,19.6,0.1,3.9,0.2,7.8,0.6,23.5
409,Otto Porter Jr.,TOR,8,4,4,18.3,0.5,0.0,0.1,0.0,0.0,0.0,0.0,0.0,0.0,0.4,75.0,0.1,25.0,0.0,0.0,0.0,0.0
410,Ousmane Dieng,OKC,38,19,19,13.8,1.5,0.3,0.7,44.4,0.0,0.1,50.0,0.7,44.8,0.6,41.4,0.2,10.3,0.1,8.6,0.0,1.7
411,P.J. Tucker,PHI,75,48,27,25.6,0.3,0.0,0.1,14.3,0.0,0.0,0.0,0.0,9.5,0.2,61.9,0.0,4.8,0.0,4.8,0.0,0.0
412,P.J. Washington,CHA,73,24,49,32.6,5.8,1.5,3.2,46.1,0.4,0.6,71.1,3.5,59.9,1.8,30.4,0.4,6.7,0.4,6.7,0.3,5.5
413,PJ Dozier,SAC,15,11,4,3.7,0.9,0.2,0.5,42.9,0.0,0.0,0.0,0.4,46.2,0.3,38.5,0.1,7.7,0.1,7.7,0.0,0.0
414,Paolo Banchero,ORL,72,31,41,33.7,10.0,2.1,4.8,44.7,1.9,2.7,71.4,6.5,64.8,2.7,27.0,0.6,6.0,0.8,7.8,1.4,13.6
415,Pascal Siakam,TOR,71,35,36,37.4,13.7,2.7,5.9,46.5,2.3,3.0,76.9,8.0,58.5,5.2,37.9,1.3,9.7,0.7,5.0,1.5,11.0
416,Pat Connaughton,MIL,61,43,18,23.7,1.9,0.3,0.7,51.2,0.1,0.2,57.1,0.8,43.2,1.0,51.7,0.3,16.1,0.1,3.4,0.1,5.9
417,Patrick Baldwin Jr.,GSW,30,14,16,7.2,0.7,0.2,0.3,50.0,0.1,0.1,75.0,0.4,65.0,0.3,40.0,0.1,10.0,0.0,0.0,0.1,10.0
418,Patrick Beverley,CHI,66,33,33,27.2,4.7,0.6,1.3,50.6,0.3,0.5,73.3,1.7,35.4,2.6,56.5,0.7,15.9,0.4,8.8,0.2,4.9
419,Patrick Williams,CHI,80,38,42,28.4,2.6,0.6,1.5,41.4,0.4,0.4,82.4,1.6,62.0,0.7,25.4,0.1,3.9,0.2,8.8,0.2,8.3
420,Patty Mills,BKN,39,18,21,13.6,2.0,0.3,0.6,56.5,0.1,0.1,100.0,0.7,37.7,1.2,61.0,0.3,13.0,0.1,5.2,0.0,1.3
421,Paul George,LAC,56,32,24,34.6,10.8,2.2,4.1,52.8,1.6,2.0,80.5,6.1,56.2,4.5,41.5,1.2,11.4,0.9,8.6,1.0,9.3
422,Paul Reed,PHI,68,43,25,10.7,0.4,0.1,0.2,37.5,0.0,0.0,100.0,0.2,48.3,0.1,17.2,0.0,3.4,0.1,24.1,0.0,3.4
423,Payton Pritchard,BOS,47,31,16,12.7,2.9,0.3,0.7,37.1,0.1,0.2,62.5,0.7,23.1,1.9,64.9,0.3,11.2,0.1,5.2,0.1,3.0
424,Peyton Watson,DEN,22,12,10,7.3,1.1,0.3,0.5,50.0,0.1,0.1,100.0,0.6,56.0,0.5,44.0,0.2,16.0,0.0,0.0,0.0,4.0
425,Precious Achiuwa,TOR,54,29,25,20.6,2.5,0.7,1.4,48.6,0.5,0.6,83.9,1.8,72.1,0.5,18.4,0.1,3.7,0.4,14.0,0.3,11.0
426,Quentin Grimes,NYK,70,41,29,29.8,3.5,0.6,1.1,54.7,0.4,0.5,87.5,1.6,46.3,1.9,54.5,0.5,15.7,0.3,7.4,0.2,7.0
427,Quenton Jackson,WAS,8,3,5,12.8,4.1,0.8,1.4,54.5,0.0,0.3,0.0,1.6,39.4,2.0,48.5,0.4,9.1,0.4,9.1,0.1,3.0
428,R.J. Hampton,DET,46,9,37,16.2,4.0,0.8,1.7,46.8,0.5,0.7,70.6,2.2,53.8,1.5,37.6,0.3,6.5,0.3,6.5,0.4,9.1
429,RJ Barrett,NYK,72,40,32,33.9,12.5,3.1,6.4,47.7,2.1,2.7,76.1,8.5,68.0,3.5,27.9,0.9,7.0,0.8,6.7,1.4,10.9
430,Raul Neto,CLE,47,31,16,10.3,2.6,0.6,0.9,61.4,0.2,0.2,80.0,1.3,51.2,1.3,50.4,0.3,10.6,0.1,4.1,0.1,4.9
431,Reggie Bullock,DAL,78,37,41,30.3,0.4,0.1,0.2,43.8,0.0,0.0,100.0,0.2,51.6,0.1,35.5,0.0,3.2,0.0,9.7,0.0,3.2
432,Reggie Jackson,DEN,67,35,32,24.4,6.4,1.5,3.1,47.8,0.5,0.5,88.6,3.5,55.6,2.4,37.6,0.6,9.9,0.4,6.8,0.3,4.2
433,Richaun Holmes,SAC,41,22,19,8.3,0.2,0.0,0.1,50.0,0.0,0.0,100.0,0.1,85.7,0.0,28.6,0.0,0.0,0.0,0.0,0.0,14.3
434,Ricky Rubio,CLE,32,23,9,16.9,6.0,0.8,1.7,46.3,0.3,0.4,64.3,1.9,31.3,3.5,58.3,0.8,14.1,0.3,4.7,0.2,3.6
435,Robert Covington,LAC,47,19,28,16.5,1.7,0.3,0.6,46.7,0.2,0.3,83.3,0.8,46.9,0.8,44.4,0.3,16.0,0.1,7.4,0.1,7.4
436,Robert Williams III,BOS,35,24,11,23.5,0.1,0.0,0.0,0.0,0.1,0.1,100.0,0.1,66.7,0.0,33.3,0.0,0.0,0.0,0.0,0.0,33.3
437,Robin Lopez,CLE,36,25,11,7.8,0.3,0.1,0.2,57.1,0.0,0.0,0.0,0.2,80.0,0.0,10.0,0.0,0.0,0.1,20.0,0.0,0.0
438,Rodney McGruder,DET,32,4,28,16.4,1.8,0.2,0.9,17.2,0.1,0.2,66.7,0.4,23.7,0.8,40.7,0.2,10.2,0.1,3.4,0.1,5.1
439,Romeo Langford,SAS,39,12,27,19.9,4.4,1.1,2.4,43.6,0.5,0.7,69.2,2.6,59.0,1.3,28.9,0.3,6.4,0.2,5.2,0.3,7.5
440,Ron Harper Jr.,TOR,8,5,3,3.1,0.9,0.1,0.3,50.0,0.0,0.0,0.0,0.3,28.6,0.6,71.4,0.3,28.6,0.0,0.0,0.0,0.0
441,Royce O'Neale,BKN,76,42,34,31.7,3.8,0.4,1.3,32.6,0.3,0.4,68.8,1.1,30.2,1.9,49.7,0.5,14.2,0.4,10.4,0.2,5.2
442,Rudy Gay,UTA,56,29,27,14.6,1.2,0.4,0.8,48.9,0.3,0.3,93.8,1.1,89.9,0.2,15.9,0.1,4.3,0.0,1.4,0.1,11.6
443,Rudy Gobert,MIN,68,32,36,31.0,0.8,0.3,0.5,47.2,0.1,0.1,70.0,0.6,80.8,0.1,9.6,0.0,0.0,0.1,9.6,0.1,9.6
444,Rui Hachimura,LAL,62,37,25,23.3,3.0,1.0,2.0,48.4,0.4,0.5,80.0,2.3,79.2,0.5,16.4,0.0,1.6,0.2,6.0,0.2,8.2
445,Russell Westbrook,LAC,72,35,37,29.0,13.5,2.3,4.7,49.1,1.2,1.7,66.9,6.0,44.2,6.6,48.9,2.1,15.2,0.9,6.9,0.9,6.4
446,Ryan Arcidiacono,POR,20,9,11,8.6,1.4,0.0,0.5,0.0,0.0,0.0,0.0,0.0,0.0,0.9,63.0,0.1,7.4,0.1,3.7,0.0,0.0
447,Ryan Rollins,GSW,12,5,7,5.2,1.8,0.1,0.4,20.0,0.2,0.2,100.0,0.3,18.2,1.0,54.5,0.1,4.5,0.3,13.6,0.1,4.5
448,Saben Lee,PHX,24,15,9,13.7,5.9,0.7,1.7,41.5,0.8,1.2,67.9,2.3,38.3,2.8,47.5,0.5,7.8,0.5,9.2,0.6,9.9
449,Saddiq Bey,ATL,75,24,51,27.8,4.7,1.1,2.4,47.2,1.3,1.5,87.1,3.8,81.4,1.0,21.2,0.2,4.9,0.4,8.9,0.8,16.6
450,Sam Hauser,BOS,79,54,25,15.8,0.6,0.1,0.2,53.3,0.1,0.1,66.7,0.3,44.7,0.3,55.3,0.1,17.0,0.0,4.3,0.0,6.4
451,Sam Merrill,CLE,4,4,0,8.1,0.3,0.0,0.0,0.0,0.0,0.0,0.0,0.0,0.0,0.3,100.0,0.3,100.0,0.0,0.0,0.0,0.0
452,Sandro Mamukelashvili,SAS,40,21,19,14.5,1.8,0.3,0.7,39.3,0.2,0.4,57.1,0.8,41.1,0.7,35.6,0.2,9.6,0.3,13.7,0.2,9.6
453,Santi Aldama,MEM,77,47,30,21.8,2.2,0.5,1.0,48.8,0.2,0.3,77.3,1.3,59.9,0.7,34.1,0.3,15.0,0.2,8.4,0.1,6.6
454,Scottie Barnes,TOR,76,37,39,34.9,6.7,1.6,3.4,46.2,0.7,0.8,80.6,3.9,58.1,2.3,34.2,0.5,7.4,0.4,5.7,0.4,6.1
455,Scotty Pippen Jr.,LAL,6,1,5,5.3,2.3,0.5,1.0,50.0,0.2,0.3,50.0,1.2,50.0,0.8,35.7,0.2,7.1,0.2,7.1,0.2,7.1
456,Serge Ibaka,MIL,16,11,5,11.6,0.7,0.3,0.4,57.1,0.0,0.0,0.0,0.5,72.7,0.2,27.3,0.0,0.0,0.1,9.1,0.0,0.0
457,Seth Curry,BKN,61,37,24,19.8,3.1,0.6,1.1,55.2,0.2,0.2,100.0,1.4,44.9,1.6,52.9,0.4,11.8,0.2,6.4,0.1,2.7
458,Shaedon Sharpe,POR,79,32,47,22.2,2.6,0.8,1.6,49.6,0.2,0.3,63.0,1.8,69.4,0.6,22.8,0.1,4.9,0.2,7.3,0.2,6.8
459,Shai Gilgeous-Alexander,OKC,68,33,35,35.5,23.9,5.7,11.1,51.8,5.1,5.8,89.3,17.1,71.6,8.0,33.5,1.6,6.9,1.3,5.4,2.9,12.1
460,Shake Milton,PHI,75,51,24,20.4,6.3,1.3,2.9,43.9,0.5,0.5,92.1,3.1,49.2,2.6,40.5,0.6,10.1,0.3,5.5,0.3,4.0
461,Shaquille Harrison,POR,4,1,3,23.9,6.8,1.3,2.3,55.6,0.5,0.5,100.0,3.0,44.4,3.5,51.9,1.0,14.8,0.3,3.7,0.3,3.7
462,Simone Fontecchio,UTA,51,25,26,14.4,1.8,0.4,0.9,45.8,0.1,0.1,75.0,0.9,51.1,0.7,40.4,0.2,9.6,0.1,4.3,0.0,2.1
463,Skylar Mays,POR,4,1,3,31.4,9.3,1.8,3.8,46.7,0.3,0.5,50.0,4.0,43.2,5.0,54.1,1.3,13.5,0.3,2.7,0.3,2.7
464,Spencer Dinwiddie,BKN,79,41,38,34.5,12.3,2.6,5.3,49.5,1.9,2.3,82.1,7.4,60.6,4.8,39.0,1.3,10.9,0.7,5.6,1.2,9.5
465,Stanley Johnson,SAS,29,5,24,15.8,2.8,0.6,1.1,51.6,0.4,0.7,63.2,1.6,57.5,1.2,42.5,0.3,12.5,0.1,3.8,0.3,12.5
466,Stanley Umude,DET,1,0,1,2.1,1.0,0.0,0.0,0.0,2.0,2.0,100.0,2.0,200.0,0.0,0.0,0.0,0.0,0.0,0.0,1.0,100.0
467,Stephen Curry,GSW,54,28,26,35.1,9.4,2.7,4.7,56.9,1.2,1.3,91.4,6.7,71.6,3.4,35.9,0.8,8.5,0.5,5.3,0.6,6.7
468,Sterling Brown,LAL,4,2,2,6.1,0.0,0.0,0.0,0.0,0.0,0.0,0.0,0.0,0.0,0.0,0.0,0.0,0.0,0.0,0.0,0.0,0.0
469,Steven Adams,MEM,42,28,14,27.0,0.9,0.4,0.6,57.7,0.1,0.2,40.0,0.8,89.7,0.1,12.8,0.0,0.0,0.0,5.1,0.1,12.8
470,Svi Mykhailiuk,CHA,31,15,16,14.0,2.6,0.4,1.0,40.0,0.1,0.1,50.0,0.8,32.1,1.3,50.6,0.5,17.3,0.2,7.4,0.1,2.5
471,T.J. McConnell,IND,75,31,44,20.4,12.9,2.6,4.8,53.9,0.3,0.4,89.3,5.7,43.7,6.7,52.2,1.5,11.8,0.9,6.6,0.2,1.4
472,T.J. Warren,PHX,42,26,16,16.4,2.3,0.7,1.7,39.4,0.2,0.2,70.0,1.5,64.9,0.4,17.5,0.1,4.1,0.1,4.1,0.1,5.2
473,Taj Gibson,WAS,49,21,28,9.8,0.1,0.0,0.1,50.0,0.0,0.0,0.0,0.1,71.4,0.1,42.9,0.0,0.0,0.0,0.0,0.0,0.0
474,Talen Horton-Tucker,UTA,65,30,35,20.2,9.8,2.4,4.7,51.1,1.2,1.6,74.3,6.1,62.0,3.3,33.1,0.8,8.6,0.9,9.2,0.8,7.8
475,Tari Eason,HOU,81,21,60,21.5,4.0,0.7,1.8,37.4,0.3,0.4,84.8,1.8,44.1,1.5,38.6,0.3,6.8,0.3,8.3,0.2,4.9
476,Taurean Prince,MIN,52,29,23,21.8,3.8,1.0,1.8,53.8,0.3,0.4,70.0,2.3,59.4,1.2,31.5,0.3,8.1,0.5,12.7,0.2,5.1
477,Terance Mann,LAC,80,43,37,23.2,4.4,0.9,1.7,50.0,0.6,0.6,90.2,2.3,53.4,2.0,45.1,0.5,11.8,0.3,6.3,0.3,7.5
478,Terence Davis,SAC,63,38,25,13.1,2.1,0.3,0.7,43.9,0.3,0.3,90.0,0.9,41.2,0.9,44.3,0.2,8.4,0.3,14.5,0.2,7.6
479,Terrence Ross,PHX,62,27,35,21.0,2.0,0.6,1.3,51.3,0.1,0.1,100.0,1.4,70.6,0.6,27.8,0.2,8.7,0.1,4.0,0.1,3.2
480,Terry Rozier,CHA,63,19,44,35.3,12.8,2.8,6.2,44.5,1.2,1.5,78.9,6.9,54.0,4.9,38.1,1.1,8.5,0.6,4.5,0.7,5.8
481,Terry Taylor,CHI,30,12,18,8.3,1.0,0.3,0.6,52.6,0.1,0.1,75.0,0.8,76.7,0.2,23.3,0.0,3.3,0.1,6.7,0.1,6.7
482,Thaddeus Young,TOR,54,23,31,14.7,0.8,0.2,0.4,60.0,0.1,0.1,66.7,0.5,65.1,0.3,39.5,0.1,9.3,0.1,7.0,0.1,7.0
483,Thanasis Antetokounmpo,MIL,36,25,11,5.0,0.4,0.1,0.2,37.5,0.0,0.1,50.0,0.2,43.8,0.2,37.5,0.0,6.3,0.0,6.3,0.0,6.3
484,Theo Maledon,CHA,43,13,30,18.9,6.9,1.0,2.5,40.4,0.8,0.9,89.2,2.9,42.7,3.5,50.5,0.8,11.9,0.3,4.4,0.4,6.4
485,Theo Pinson,DAL,39,19,20,7.2,0.7,0.1,0.2,37.5,0.0,0.1,50.0,0.2,29.6,0.4,55.6,0.1,11.1,0.1,11.1,0.0,3.7
486,Thomas Bryant,DEN,58,32,26,18.3,0.3,0.1,0.1,75.0,0.0,0.1,50.0,0.3,88.2,0.1,17.6,0.0,0.0,0.1,17.6,0.0,11.8
487,Tim Hardaway Jr.,DAL,71,37,34,30.3,2.9,0.6,1.6,37.9,0.4,0.6,71.4,1.7,58.9,0.8,26.6,0.1,4.8,0.2,5.3,0.3,10.1
488,Tobias Harris,PHI,74,47,27,32.9,6.1,1.4,2.9,49.8,0.4,0.5,86.5,3.4,56.7,2.4,40.0,0.6,9.3,0.4,6.0,0.3,4.2
489,Tony Bradley,CHI,11,4,7,2.9,0.0,0.0,0.0,0.0,0.0,0.0,0.0,0.0,0.0,0.0,0.0,0.0,0.0,0.0,0.0,0.0,0.0
490,Torrey Craig,PHX,78,44,34,24.9,1.9,0.4,0.9,44.8,0.1,0.1,62.5,0.8,44.0,0.7,38.0,0.2,12.0,0.2,11.3,0.1,2.7
491,Trae Young,ATL,73,38,35,34.8,18.4,4.0,8.5,46.6,2.8,3.1,88.9,10.9,59.4,6.9,37.6,2.3,12.4,1.1,5.7,1.5,8.4
492,Tre Jones,SAS,64,18,46,29.2,11.5,2.7,6.0,44.8,0.9,1.0,87.5,6.4,55.9,4.1,36.2,1.0,8.7,0.5,4.5,0.5,4.4
493,Tre Mann,OKC,66,30,36,17.2,5.9,1.0,2.4,42.2,0.3,0.4,76.9,2.4,41.4,2.8,47.3,0.6,10.0,0.3,5.9,0.2,3.3
494,Trendon Watford,POR,60,26,34,19.0,3.6,1.1,1.7,65.4,0.6,0.7,77.3,2.9,82.2,1.2,33.2,0.3,7.0,0.2,5.6,0.4,10.3
495,Trent Forrest,ATL,22,9,13,11.8,4.2,0.8,1.8,45.0,0.0,0.0,0.0,1.7,40.2,2.1,50.0,0.6,14.1,0.2,4.3,0.0,0.0
496,Trevelin Queen,IND,7,2,5,10.0,1.1,0.1,0.4,33.3,0.0,0.0,0.0,0.3,25.0,0.7,62.5,0.0,0.0,0.0,0.0,0.0,0.0
497,Trevor Hudgins,HOU,5,0,5,5.7,0.6,0.0,0.2,0.0,0.0,0.0,0.0,0.0,0.0,0.4,66.7,0.0,0.0,0.0,0.0,0.0,0.0
498,Trevor Keels,NYK,3,3,0,2.7,0.0,0.0,0.0,0.0,0.0,0.0,0.0,0.0,0.0,0.0,0.0,0.0,0.0,0.0,0.0,0.0,0.0
499,Trey Lyles,SAC,73,43,30,16.8,2.4,0.5,0.9,55.2,0.5,0.6,81.8,1.6,68.0,0.9,37.8,0.3,12.2,0.2,8.1,0.3,12.8
500,Trey Murphy III,NOP,78,39,39,30.9,3.2,0.8,1.5,51.7,0.6,0.7,89.3,2.2,69.7,1.1,35.5,0.3,10.0,0.2,5.2,0.4,11.2
501,Troy Brown Jr.,LAL,75,39,36,24.6,1.2,0.3,0.7,41.5,0.0,0.0,100.0,0.7,55.1,0.4,30.3,0.1,4.5,0.1,7.9,0.0,1.1
502,Ty Jerome,GSW,45,22,23,18.1,5.4,1.2,2.4,50.0,0.5,0.6,88.9,3.0,55.5,2.5,45.7,0.6,11.4,0.2,3.3,0.3,5.7
503,TyTy Washington Jr.,HOU,30,5,25,13.7,3.1,0.9,1.8,52.8,0.1,0.2,66.7,2.0,65.6,1.1,36.6,0.2,7.5,0.1,3.2,0.1,3.2
504,Tyler Dorsey,DAL,3,2,1,2.8,0.0,0.0,0.0,0.0,0.0,0.0,0.0,0.0,0.0,0.0,0.0,0.0,0.0,0.0,0.0,0.0,0.0
505,Tyler Herro,MIA,66,36,30,35.3,10.8,2.6,5.1,51.5,1.1,1.3,87.2,6.5,60.1,4.2,38.9,1.0,9.5,0.7,6.3,0.7,6.0
506,Tyrese Haliburton,IND,56,28,28,33.6,15.2,3.0,5.6,53.3,1.2,1.4,84.0,7.6,50.4,7.9,52.1,2.3,14.8,0.6,4.0,0.8,4.9
507,Tyrese Martin,ATL,15,10,5,3.3,0.4,0.0,0.2,0.0,0.1,0.1,100.0,0.1,33.3,0.1,33.3,0.0,0.0,0.0,0.0,0.1,16.7
508,Tyrese Maxey,PHI,60,39,21,33.6,9.3,2.8,5.6,50.9,1.3,1.6,82.3,7.2,77.7,2.5,26.6,0.7,7.0,0.3,3.2,0.8,8.6
509,Tyus Jones,MEM,80,51,29,24.2,5.3,1.6,3.2,49.0,0.3,0.4,75.0,3.5,66.0,1.6,30.7,0.4,7.1,0.2,3.3,0.2,3.8
510,Udoka Azubuike,UTA,35,17,18,9.5,0.0,0.0,0.0,0.0,0.0,0.1,0.0,0.0,0.0,0.0,0.0,0.0,0.0,0.0,0.0,0.0,100.0
511,Udonis Haslem,MIA,6,3,3,7.9,0.0,0.0,0.0,0.0,0.0,0.0,0.0,0.0,0.0,0.0,0.0,0.0,0.0,0.0,0.0,0.0,0.0
512,Usman Garuba,HOU,74,20,54,13.0,0.2,0.0,0.1,60.0,0.0,0.1,75.0,0.1,75.0,0.0,25.0,0.0,0.0,0.0,8.3,0.0,16.7
513,Vernon Carey Jr.,UTA,11,8,3,2.6,0.2,0.0,0.1,0.0,0.0,0.0,0.0,0.0,0.0,0.1,50.0,0.1,50.0,0.0,0.0,0.0,0.0
514,Victor Oladipo,MIA,41,22,19,26.4,6.1,1.2,2.7,44.0,0.7,0.9,75.7,3.0,49.4,2.4,39.0,0.4,7.2,0.4,6.4,0.4,7.2
515,Vince Williams Jr.,MEM,14,7,7,4.0,0.1,0.1,0.1,100.0,0.0,0.0,0.0,0.1,200.0,0.0,0.0,0.0,0.0,0.0,0.0,0.0,0.0
516,Vit Krejci,ATL,28,15,13,5.2,0.6,0.1,0.2,33.3,0.0,0.0,0.0,0.1,22.2,0.4,66.7,0.1,22.2,0.0,0.0,0.0,0.0
517,Vlatko Cancar,DEN,59,37,22,14.7,1.1,0.2,0.5,36.7,0.1,0.1,100.0,0.5,42.2,0.4,37.5,0.2,14.1,0.1,6.3,0.0,3.1
518,Walker Kessler,UTA,74,34,40,23.0,0.1,0.0,0.0,66.7,0.0,0.0,50.0,0.1,83.3,0.0,33.3,0.0,0.0,0.0,0.0,0.0,16.7
519,Wendell Carter Jr.,ORL,56,26,30,29.9,2.4,0.9,1.4,62.3,0.5,0.7,76.3,2.2,92.5,0.4,17.9,0.1,4.5,0.2,9.7,0.4,15.7
520,Wendell Moore Jr.,MIN,27,14,13,5.5,0.7,0.1,0.2,80.0,0.1,0.1,100.0,0.4,50.0,0.4,50.0,0.0,5.0,0.1,20.0,0.0,5.0
521,Wenyen Gabriel,LAL,67,36,31,15.0,0.5,0.1,0.2,64.3,0.0,0.0,50.0,0.3,55.9,0.2,38.2,0.0,0.0,0.1,14.7,0.0,2.9
522,Wesley Matthews,MIL,51,37,14,15.6,0.7,0.1,0.2,27.3,0.2,0.2,100.0,0.3,45.7,0.3,48.6,0.1,11.4,0.0,2.9,0.1,14.3
523,Will Barton,TOR,55,26,29,17.8,3.4,0.5,1.6,33.7,0.3,0.4,80.0,1.4,39.9,1.5,42.6,0.4,11.7,0.2,5.9,0.2,5.3
524,Willy Hernangomez,NOP,38,23,15,12.0,0.4,0.1,0.2,50.0,0.2,0.2,87.5,0.4,88.2,0.1,17.6,0.0,0.0,0.1,11.8,0.1,23.5
525,Xavier Cooks,WAS,9,2,7,9.7,1.2,0.1,0.3,33.3,0.0,0.0,0.0,0.2,18.2,0.6,45.5,0.1,9.1,0.1,9.1,0.0,0.0
526,Xavier Moon,LAC,4,2,2,4.9,1.8,0.3,0.5,50.0,0.0,0.0,0.0,0.5,28.6,0.8,42.9,0.0,0.0,0.3,14.3,0.0,0.0
527,Xavier Sneed,CHA,4,0,4,12.1,1.3,0.3,0.5,50.0,0.5,0.5,100.0,1.0,80.0,0.3,20.0,0.3,20.0,0.3,20.0,0.3,20.0
528,Xavier Tillman,MEM,61,40,21,19.3,0.7,0.3,0.6,45.7,0.0,0.0,0.0,0.5,71.1,0.1,13.3,0.0,0.0,0.0,4.4,0.0,0.0
529,Yuta Watanabe,BKN,57,30,27,15.7,1.4,0.2,0.6,37.5,0.1,0.2,80.0,0.6,40.5,0.7,48.1,0.2,11.4,0.1,3.8,0.1,6.3
530,Zach Collins,SAS,61,19,42,22.9,1.0,0.4,0.7,54.8,0.1,0.2,60.0,0.9,84.1,0.2,15.9,0.0,3.2,0.1,6.3,0.1,7.9
531,Zach LaVine,CHI,75,36,39,36.1,10.7,2.8,5.2,54.5,2.2,2.5,87.8,8.1,75.9,3.4,31.9,0.7,6.7,0.7,6.1,1.3,11.8
532,Zeke Nnaji,DEN,51,33,18,13.7,0.2,0.0,0.0,50.0,0.0,0.0,100.0,0.1,50.0,0.1,50.0,0.0,0.0,0.0,0.0,0.0,12.5
533,Ziaire Williams,MEM,36,21,15,14.7,1.4,0.3,0.6,45.5,0.1,0.1,100.0,0.6,46.9,0.5,36.7,0.1,8.2,0.2,16.3,0.0,2.0
534,Zion Williamson,NOP,29,17,12,33.0,16.2,4.6,7.9,58.3,2.9,3.9,74.6,12.5,77.2,4.2,26.2,0.9,5.3,1.6,9.6,1.9,11.9
